rank,d=0.85,d=0.95,d=0.50
1,2,2,2
2,37,37,425
3,38,38,37
4,61,61,38
5,52,52,52
6,43,43,61
7,425,27,43
8,27,28,28
9,28,425,1379
10,29,4023,27
11,4023,29,822
12,40,3227,391
13,5254,5254,1370
14,822,3834,5254
15,3227,4075,132
16,73,81,4023
17,132,40,880
18,3834,73,3163
19,81,3941,73
20,4075,3220,29
21,1379,132,630
22,593,5072,3734
23,42,593,20
24,5072,3875,40
25,3941,822,2172
26,3220,3873,44
27,44,42,3227
28,3875,3224,5072
29,1370,3994,4075
30,3873,5175,3834
31,5175,5255,5175
32,46,3221,430
33,3994,3974,621
34,3224,80,3941
35,39,4077,3220
36,41,5112,7
37,80,3226,5112
38,36,3905,1678
39,5112,39,2100
40,33,41,828
41,3221,44,92
42,4077,4024,3875
43,3974,46,3873
44,5255,3918,90
45,5226,5226,91
46,880,36,85
47,3163,4021,88
48,3226,3228,19
49,3905,5073,5226
50,3734,5307,1021
51,3918,33,46
52,5307,4101,33
53,1878,1379,3089
54,4021,3223,21
55,1875,3186,593
56,1877,3729,42
57,630,3835,3224
58,3228,3976,3994
59,1678,5153,5435
60,2100,5176,81
61,828,1678,5307
62,20,2100,3974
63,2172,828,3221
64,391,3939,36
65,32,5456,4077
66,30,119,70
67,4024,1878,34
68,3089,1875,3905
69,4101,1877,3226
70,5153,5397,5153
71,5073,5051,39
72,3223,4139,41
73,1883,5113,200
74,119,1370,32
75,3976,4103,1878
76,621,30,1875
77,1021,3942,1877
78,3186,32,3918
79,3939,3742,3729
80,16,82,4021
81,34,1883,474
82,1873,5227,3228
83,3729,3225,3186
84,5456,3876,87
85,5176,84,30
86,5397,3089,212
87,5051,526,1883
88,4139,16,217
89,48,5209,5456
90,193,4458,4101
91,4103,3808,80
92,217,3274,5468
93,526,1873,53
94,430,3992,3223
95,82,5308,31
96,45,106,193
97,3835,3995,5209
98,212,48,3976
99,7,3229,3939
100,1872,1021,5255
101,5113,5411,3586
102,84,5065,3742
103,5209,4153,119
104,106,5785,3164
105,1876,5523,93
106,3225,5347,1873
107,31,4074,526
108,92,1872,71
109,35,5332,4139
110,5227,193,5051
111,90,4117,5397
112,91,4078,4103
113,3742,5154,5347
114,3942,45,5523
115,3992,3163,5785
116,5523,1876,5332
117,5785,3188,993
118,5347,123,1213
119,4458,880,89
120,3808,83,45
121,3274,34,1876
122,5332,5306,214
123,85,3734,215
124,88,4810,48
125,200,74,72
126,3229,1467,280
127,19,3907,3740
128,123,5256,3225
129,5468,3919,4810
130,21,35,248
131,214,217,86
132,3876,2172,1872
133,5308,31,213
134,215,212,216
135,5411,3872,3992
136,5065,126,106
137,4153,630,1371
138,4117,125,221
139,4810,124,222
140,3586,20,3181
141,213,5468,5073
142,83,5210,1101
143,216,3182,16
144,74,202,3189
145,3995,201,3190
146,5154,214,35
147,3907,215,69
148,53,112,63
149,70,3222,57
150,4074,3973,224
151,248,3977,3274
152,126,5786,3808
153,4078,5524,4458
154,3188,5348,3229
155,125,3586,1467
156,124,213,54
157,87,5111,175
158,224,216,4153
159,5435,200,5065
160,1467,5074,5411
161,71,4025,4117
162,72,430,176
163,112,621,578
164,202,5333,58
165,47,391,55
166,3919,356,10
167,5306,3916,59
168,201,5398,177
169,26,5052,56
170,49,4140,5176
171,50,5143,123
172,3189,3643,3585
173,3190,3644,3587
174,578,3904,148
175,54,224,174
176,280,111,3188
177,5210,4104,3111
178,5143,3645,3664
179,3111,3646,4484
180,3585,3647,4862
181,3587,3648,369
182,93,357,3907
183,356,4020,60
184,3222,5208,5113
185,58,5177,4024
186,55,578,612
187,59,120,68
188,5256,122,3584
189,69,78,5143
190,3164,76,4806
191,10,47,991
192,474,4100,47
193,3872,7,5227
194,57,26,538
195,89,49,26
196,3182,50,49
197,3181,10,50
198,3916,118,65
199,63,5142,158
200,56,3836,5453
201,111,5453,5308
202,612,5114,126
203,5786,3189,82
204,5524,3190,3095
205,5348,3111,3613
206,357,5305,84
207,60,116,3222
208,86,121,125
209,5333,3585,620
210,369,3587,124
211,3643,538,3835
212,3644,545,218
213,5453,539,18
214,993,541,3916
215,3977,92,66
216,3584,536,64
217,3740,537,426
218,68,540,5454
219,76,542,1443
220,3973,544,5154
221,120,546,611
222,122,3938,3182
223,4806,3514,3643
224,78,543,3644
225,3645,1540,5449
226,3646,5228,5450
227,3647,5253,5451
228,3648,248,5452
229,538,4806,67
230,218,53,112
231,5111,75,74
232,5398,5454,3156
233,5052,90,3942
234,4140,91,3645
235,4104,369,3646
236,5454,3943,3647
237,118,1541,3648
238,3904,5144,545
239,545,72,5497
240,121,85,674
241,539,88,539
242,541,3908,541
243,5074,5449,678
244,5449,5450,536
245,5450,5451,537
246,5451,5452,540
247,5452,3584,542
248,536,19,544
249,537,4485,546
250,540,3877,5955
251,542,5309,3876
252,544,71,24
253,546,5331,543
254,543,21,5210
255,75,70,120
256,116,3184,122
257,65,218,12
258,1540,823,4074
259,4020,5823,3995
260,823,54,83
261,620,3996,160
262,4025,5110,3514
263,5208,58,3705
264,611,195,4799
265,176,3991,5483
266,175,55,118
267,4100,59,1860
268,5177,3773,5348
269,991,3774,5524
270,107,3775,5786
271,195,3776,5333
272,66,5410,2145
273,1541,5064,4078
274,64,4152,995
275,1539,3181,840
276,4485,5155,1539
277,3514,1539,3121
278,5142,107,121
279,5144,69,981
280,67,5174,3919
281,1443,57,823
282,1371,258,1342
283,5114,259,1343
284,4484,260,532
285,4862,56,3183
286,3664,4079,5306
287,5955,196,3872
288,3938,199,1871
289,3908,63,4812
290,1871,60,1507
291,426,5930,202
292,148,5931,138
293,177,5932,362
294,158,5933,111
295,5253,5934,450
296,3836,5935,2128
297,196,4116,1540
298,3184,280,427
299,199,87,201
300,5305,79,4485
301,258,5207,449
302,259,362,3977
303,260,68,303
304,5228,3920,3973
305,174,4819,356
306,1101,249,3184
307,115,115,76
308,2145,5470,5144
309,303,3766,4140
310,6005,3767,5052
311,198,4073,5398
312,5823,5141,416
313,18,204,107
314,5331,198,4104
315,79,5435,3904
316,362,2671,3735
317,3943,2672,1836
318,5309,2673,6005
319,995,2674,14
320,1213,2675,205
321,3991,5455,357
322,3613,3479,195
323,221,3480,627
324,222,3481,4020
325,3773,3482,5111
326,3774,3483,839
327,3775,3484,5823
328,3776,3485,1541
329,3877,3486,75
330,3095,3487,161
331,205,3488,166
332,5410,3164,3117
333,5064,1039,887
334,4152,1040,4100
335,204,1041,1020
336,4116,1042,1425
337,5155,1043,2671
338,160,1044,2672
339,5174,1045,2673
340,3996,1046,2674
341,6004,1047,2675
342,249,1048,3801
343,674,1049,3230
344,14,1050,4451
345,5110,1051,78
346,1034,1052,5256
347,678,1053,3908
348,5930,1054,2193
349,5931,1055,2196
350,5932,1056,2197
351,5933,1057,229
352,5934,1058,3706
353,5935,1059,3187
354,145,1060,3125
355,337,1061,3938
356,338,1062,6004
357,339,1063,2194
358,4819,1064,2195
359,2671,1065,240
360,2672,5211,4819
361,2673,93,115
362,2674,5877,5208
363,2675,612,116
364,5455,5956,198
365,113,1443,3773
366,627,1871,3774
367,5470,993,3775
368,1874,5225,3776
369,194,1995,3733
370,4079,2145,3736
371,1020,3129,5470
372,3479,5252,3701
373,3480,89,5877
374,3481,5787,3479
375,3482,5525,3480
376,3483,5349,3481
377,3484,113,3482
378,3485,3978,3483
379,3486,65,3484
380,3487,205,3485
381,3488,5399,3486
382,2193,5053,3487
383,2196,4141,3488
384,2197,1020,3128
385,4776,2193,5930
386,4777,2196,5931
387,427,2197,5932
388,5877,995,5933
389,1039,86,5934
390,1040,474,5935
391,1041,3782,5956
392,1042,5334,475
393,1043,5799,1039
394,1044,5537,1040
395,1045,5361,1041
396,1046,2194,1042
397,1047,2195,1043
398,1048,3740,1044
399,1049,3915,1045
400,1050,194,1046
401,1051,145,1047
402,1052,320,1048
403,1053,3871,1049
404,1054,176,1050
405,1055,309,1051
406,1056,4105,1052
407,1057,303,1053
408,1058,5955,1054
409,1059,5330,1055
410,1060,5257,1056
411,1061,2198,1057
412,1062,5346,1058
413,1063,66,1059
414,1064,1034,1060
415,1065,14,1061
416,5956,64,1062
417,2194,6005,1063
418,2195,175,1064
419,12,3789,1065
420,3735,3790,467
421,1995,3791,468
422,3129,5828,5142
423,3920,158,2144
424,5207,4026,2148
425,3766,67,1995
426,3767,337,3129
427,3156,338,2757
428,197,339,2758
429,2144,197,2759
430,2148,1874,2760
431,5211,3972,2761
432,2198,5820,2762
433,3782,5821,5939
434,240,426,5951
435,161,5173,5974
436,2146,4776,5992
437,2147,4777,179
438,166,3903,5455
439,3915,620,157
440,5483,2144,159
441,5141,2148,162
442,1342,6004,341
443,1343,2146,5074
444,5820,2147,3991
445,5821,4484,2146
446,5225,312,2147
447,893,4862,2198
448,4073,4019,970
449,320,3664,631
450,5787,893,196
451,5525,203,4152
452,5349,611,5064
453,3733,991,5410
454,3736,148,199
455,5334,3837,2754
456,1507,3909,2755
457,3978,117,2756
458,108,160,155
459,840,3095,163
460,5252,311,165
461,309,310,167
462,5399,313,5253
463,5053,314,4116
464,4141,315,164
465,138,316,673
466,157,317,1034
467,159,318,1374
468,162,319,462
469,5537,4099,463
470,5799,177,464
471,5361,5075,3739
472,203,5825,451
473,4105,206,465
474,3705,127,466
475,1666,128,457
476,5346,108,458
477,155,5145,459
478,163,174,461
479,165,3088,4776
480,167,3944,4777
481,117,3937,992
482,252,252,5177
483,5828,5832,2362
484,5330,5833,5834
485,3789,1666,204
486,3790,3781,5867
487,3791,3783,5920
488,3871,3784,145
489,359,3785,5114
490,4799,3786,1874
491,3088,18,3718
492,5825,5224,5331
493,206,5304,893
494,416,1538,5825
495,3117,1542,5228
496,2128,5457,876
497,3972,5458,3238
498,5173,129,3915
499,2537,3878,5510
500,2538,1371,460
501,887,5798,3782
502,1216,5536,3239
503,3909,5360,3240
504,981,5409,3126
505,5257,5063,3127
506,3903,4151,194
507,3183,161,492
508,5145,166,1666
509,312,5178,359
510,127,359,5309
511,128,3997,2537
512,300,5008,2538
513,4019,5009,2752
514,4026,5010,2750
515,467,5011,2751
516,468,5012,5305
517,5832,3613,841
518,5833,130,337
519,4812,5152,338
520,5497,3990,339
521,1538,5345,258
522,1542,4080,259
523,4099,240,260
524,2762,157,837
525,2760,159,5174
526,2761,162,1216
527,311,5115,5155
528,310,300,4025
529,313,4115,1191
530,314,114,1192
531,315,155,5875
532,316,163,957
533,317,165,5820
534,318,167,5821
535,319,3921,5502
536,114,427,3159
537,129,109,2798
538,3937,110,209
539,109,1216,5459
540,110,1101,5484
541,5224,5400,5832
542,5008,5054,5833
543,5009,4142,2098
544,5010,5229,5818
545,5011,2551,5110
546,5012,2552,1870
547,3781,2553,5211
548,3783,2554,2983
549,3784,138,3836
550,3785,5826,2663
551,3786,5827,252
552,557,5829,2209
553,839,5830,5349
554,5992,5831,5525
555,5457,3600,5787
556,5458,557,5334
557,3739,5109,5207
558,3837,3979,389
559,462,2537,3943
560,463,2538,5828
561,464,4072,5001
562,5409,257,5002
563,5063,3914,5003
564,4151,4106,5004
565,457,5310,5005
566,458,131,5006
567,459,4027,5007
568,461,3735,4815
569,465,3109,3766
570,466,4930,3767
571,5798,4931,5141
572,5536,4932,3877
573,5360,4933,197
574,532,4934,320
575,826,4935,300
576,5152,4936,4844
577,130,627,62
578,5075,77,3590
579,3990,3870,3996
580,5345,143,5225
581,164,5206,5252
582,970,3971,79
583,2551,3838,4079
584,2552,674,1838
585,2553,892,875
586,2554,894,482
587,3944,895,1372
588,143,5156,5145
589,4115,3902,5330
590,242,3910,3920
591,3109,678,4141
592,24,5151,5053
593,3878,5035,5399
594,837,5408,2402
595,209,5062,3978
596,3997,4150,5173
597,876,3945,3909
598,2759,4018,1375
599,2757,221,4105
600,2758,222,4867
601,460,5140,877
602,5178,1213,878
603,77,3733,557
604,892,3736,108
605,894,3879,5361
606,895,5401,5537
607,4930,5055,5799
608,4931,4143,3659
609,4932,4098,5346
610,4933,302,3700
611,4934,3998,4073
612,4935,3936,3139
613,4936,4081,3583
614,631,255,5224
615,3187,3922,2598
616,3914,5483,826
617,4080,5251,587
618,257,3989,113
619,5951,5407,3515
620,5304,5061,3516
621,3600,4149,5360
622,1374,5402,5536
623,3921,5056,5798
624,5400,4144,5842
625,5054,171,5843
626,4142,242,3738
627,302,168,3157
628,171,169,5345
629,168,170,890
630,169,172,3871
631,170,429,3276
632,172,840,3277
633,179,4114,3278
634,5939,5403,3810
635,5115,5057,3811
636,449,4145,3812
637,3979,5406,4460
638,450,5060,4461
639,4106,4148,4462
640,2098,3980,2787
641,173,5404,2788
642,5974,5058,3914
643,492,4146,677
644,429,5405,4151
645,4815,5059,5063
646,5229,4147,5409
647,1836,4071,3972
648,877,4028,3903
649,878,1665,4019
650,5151,1667,1426
651,1665,1668,2749
652,1667,12,5151
653,1668,4107,2736
654,3910,3098,2748
655,4072,3156,1837
656,1860,173,2786
657,3706,826,4099
658,131,3869,4115
659,5826,3839,3937
660,5827,1507,1441
661,5829,3913,3990
662,5830,3970,498
663,5831,3946,1427
664,5408,5212,4121
665,5062,3901,306
666,4150,3880,249
667,1819,5329,4448
668,5310,3107,5948
669,3870,4017,4449
670,5109,3911,4860
671,3738,3999,4861
672,3971,4097,3789
673,5401,4082,3790
674,5055,416,3791
675,4143,3935,184
676,192,3923,3910
677,4027,256,2283
678,3902,5788,3219
679,236,5526,3800
680,358,5350,4450
681,360,4029,3913
682,361,4070,210
683,3098,3988,1417
684,4018,3840,3911
685,4098,3981,3912
686,3107,3868,4142
687,3112,236,5054
688,3936,3947,5400
689,3121,358,3703
690,229,360,879
691,3838,361,1831
692,210,3969,4150
693,5407,4113,5062
694,5061,3881,5408
695,4149,4108,143
696,3913,3900,766
697,5402,3112,4143
698,5056,3912,5055
699,4144,4030,5401
700,3989,4000,4149
701,4114,4069,5061
702,3945,4016,5407
703,5156,4083,4144
704,5406,3841,4148
705,5060,4096,5056
706,4148,3867,5060
707,5403,4031,5402
708,5057,4068,5406
709,4145,192,4145
710,5405,4032,4146
711,5059,4067,4147
712,4147,4033,5057
713,5404,4066,5058
714,5058,4034,5059
715,4146,4065,5403
716,3879,4035,5404
717,142,4064,5405
718,3998,4063,1419
719,3113,4036,1420
720,3911,4062,2588
721,4081,4037,4106
722,3922,4061,189
723,992,4038,710
724,3980,4060,712
725,4107,4039,745
726,2756,4059,3520
727,5206,4040,3522
728,2754,4041,3555
729,2755,4042,203
730,5842,4043,2212
731,5843,4044,4114
732,5867,4045,1833
733,3912,4046,1834
734,255,4047,5152
735,841,4048,3979
736,4113,4049,302
737,4108,4050,2524
738,3988,4051,242
739,3981,4052,4107
740,4112,4053,3989
741,5140,4054,4113
742,4109,4055,4108
743,3935,4056,4112
744,4111,4057,4109
745,4110,4058,4110
746,1215,3948,4111
747,1217,3924,3637
748,1218,3968,3600
749,4097,3934,5257
750,4071,3842,3980
751,4017,3866,3921
752,3987,3882,3988
753,3982,3843,3981
754,3901,3865,3987
755,3923,3899,3982
756,3869,3844,3983
757,3970,3864,3984
758,3986,3845,3985
759,3983,3863,3986
760,3985,3846,1100
761,3984,3862,2563
762,4082,3861,842
763,235,3847,4080
764,3999,3860,3936
765,3880,3848,614
766,3946,3859,3997
767,4028,3849,4098
768,3839,3858,5509
769,3934,3850,3878
770,3924,3857,2535
771,3933,3851,3513
772,3925,3852,3922
773,3932,3853,3935
774,3926,3854,4018
775,3931,3855,3923
776,3927,3856,3934
777,3930,3949,3924
778,3928,3967,3925
779,3929,4001,3926
780,4096,4015,3927
781,4083,3950,3928
782,879,3966,3929
783,4095,3951,3930
784,4084,3965,3931
785,4094,3952,3932
786,4085,3964,3933
787,4093,3953,3944
788,4086,3963,585
789,4092,3962,3902
790,4087,3954,3837
791,4088,3961,5075
792,4089,3955,4081
793,4090,3960,3971
794,4091,3956,4097
795,4016,3959,4082
796,4000,3957,4096
797,3900,3958,4083
798,4015,3883,4084
799,4001,3898,4085
800,4014,3884,4086
801,4002,3897,4087
802,4013,3885,4088
803,4003,3896,4089
804,4012,3886,4090
805,4004,3895,4091
806,4005,3887,4092
807,4006,3894,4093
808,4007,3893,4094
809,4008,3888,4095
810,4009,3892,4929
811,4010,3889,4805
812,4011,3891,4809
813,3881,3890,4026
814,3969,4084,2385
815,3947,1342,3870
816,3899,1343,3998
817,3882,4095,4017
818,3898,4002,3999
819,3883,4014,4016
820,3897,4003,4000
821,3884,4013,4001
822,3896,4004,4002
823,3885,4012,4003
824,3886,4005,4004
825,3887,4011,4005
826,3888,4006,4006
827,3889,4010,4007
828,3890,4009,4008
829,3891,4007,4009
830,3892,4008,4010
831,3893,4085,4011
832,3894,4094,4012
833,3895,3982,4013
834,3868,3925,4014
835,3968,4086,4015
836,3948,4093,1818
837,3967,3933,5304
838,3949,4087,5178
839,3966,4092,4072
840,3950,4088,3879
841,3965,4091,3901
842,3951,4089,3880
843,3952,4090,3900
844,3953,3987,3881
845,3954,3926,3882
846,3955,3932,3883
847,3956,3927,3884
848,3957,3931,3885
849,3958,3928,3886
850,3959,3930,3887
851,3960,3929,3888
852,3961,4109,3889
853,3962,4112,3890
854,3963,3099,3891
855,3964,3100,3892
856,3840,3101,3893
857,3099,3105,3894
858,3100,3106,3895
859,3101,3108,3896
860,3105,3110,3897
861,3106,3983,3898
862,3108,3986,3899
863,3110,164,3945
864,5834,3984,371
865,3867,3985,5115
866,4070,4110,3970
867,3841,4111,3946
868,3866,5335,3969
869,3842,3113,3947
870,3865,5172,3948
871,3843,3117,3949
872,3864,4815,3950
873,3844,970,3951
874,3845,142,3952
875,3846,5258,3953
876,3847,4812,3954
877,3848,981,3955
878,3849,235,3956
879,3850,467,3957
880,3851,468,3958
881,3852,3705,3959
882,3853,1215,3960
883,3854,1217,3961
884,3855,1218,3962
885,3856,887,3963
886,3857,5938,3964
887,3858,254,3965
888,3859,2128,3966
889,3860,3119,3967
890,3861,5223,3968
891,3862,5797,4854
892,3863,5535,4855
893,4029,5359,4856
894,4069,462,881
895,4030,463,882
896,4068,464,883
897,4031,4799,884
898,4067,457,885
899,4032,458,886
900,4066,459,888
901,4033,461,5229
902,4034,465,3838
903,4035,466,3869
904,4036,244,3299
905,4037,245,3833
906,4038,5076,4483
907,4039,137,3839
908,4040,3183,3868
909,4041,5303,3840
910,4042,5146,3841
911,4043,5344,3842
912,4044,4848,3843
913,4045,4849,3844
914,4046,4850,3845
915,4047,837,3846
916,4048,839,3847
917,4049,5992,3848
918,4050,251,3849
919,4051,5835,3850
920,4052,5836,3851
921,4053,5837,3852
922,4054,5838,3853
923,4055,5839,3854
924,4056,5840,3855
925,4057,5841,3856
926,4058,3739,3857
927,4059,460,3858
928,4060,5179,3859
929,4061,3792,3860
930,4062,3793,3861
931,4063,3794,3862
932,4064,3795,3863
933,4065,3796,3864
934,1838,3797,3865
935,5251,3798,3866
936,5212,3799,3867
937,482,246,5109
938,4860,179,5310
939,4861,2762,2676
940,3701,2760,4027
941,1425,2761,4071
942,5788,2771,4838
943,5526,2772,4028
944,5350,2773,4070
945,1831,2774,4029
946,3238,2775,4030
947,3792,2776,4031
948,3793,2777,4032
949,3794,2778,4033
950,3795,2779,4034
951,3796,2780,4035
952,3797,2781,4036
953,3798,2782,4037
954,3799,3140,4038
955,341,3141,4039
956,5035,3142,4040
957,5329,3143,4041
958,62,3144,4042
959,189,3145,4043
960,5335,3146,4044
961,1833,3147,4045
962,1834,3148,4046
963,5920,3149,4047
964,256,3150,4048
965,475,3151,4049
966,881,220,4050
967,882,1884,4051
968,883,1885,4052
969,884,1886,4053
970,885,1887,4054
971,886,1888,4055
972,888,1889,4056
973,3590,1890,4057
974,2362,1891,4058
975,842,1892,4059
976,5172,1893,4060
977,2771,1894,4061
978,2772,1895,4062
979,2773,136,4063
980,2774,505,4064
981,2775,5116,4065
982,2776,3104,4066
983,2777,250,4067
984,2778,3602,4068
985,2779,523,4069
986,2780,5108,5156
987,2781,1374,5206
988,2782,5230,429
989,137,231,5140
990,3140,6012,5893
991,3141,209,5212
992,3142,827,5251
993,3143,219,5350
994,3144,501,5526
995,3145,5150,5788
996,3146,502,117
997,3147,3512,5335
998,3148,3702,4811
999,3149,3120,5329
1000,3150,876,5172
1001,3151,5311,5146
1002,1884,5205,171
1003,1885,135,1027
1004,1886,3097,5359
1005,1887,500,5535
1006,1888,3187,5797
1007,1889,189,187
1008,1890,5139,5223
1009,1891,5497,5344
1010,1892,5157,168
1011,1893,631,169
1012,1894,3102,170
1013,1895,3103,172
1014,1100,4860,5150
1015,184,4861,1433
1016,5835,5939,1434
1017,5836,2098,1435
1018,5837,5250,1436
1019,5838,5951,1437
1020,5839,3196,5469
1021,5840,877,5471
1022,5841,878,3120
1023,244,532,3512
1024,245,2103,3702
1025,6012,5328,4828
1026,5938,5789,4829
1027,3119,5527,5377
1028,875,5351,5421
1029,5146,2759,350
1030,5223,2757,3267
1031,5797,2758,2797
1032,5535,3094,1551
1033,5359,492,1869
1034,1839,5213,5438
1035,1840,1819,3152
1036,251,133,1839
1037,389,3738,1840
1038,1417,5171,2796
1039,5344,184,3356
1040,483,5336,1866
1041,484,614,2794
1042,5258,5796,2795
1043,1419,5534,1864
1044,1420,5358,1865
1045,246,2536,5457
1046,187,2539,5458
1047,3512,5259,5149
1048,3702,5842,3392
1049,3120,5843,3400
1050,3239,555,5147
1051,3240,556,2789
1052,254,554,2790
1053,3602,841,2791
1054,3801,5222,2792
1055,827,210,2793
1056,4451,187,1855
1057,3230,449,1856
1058,136,842,1857
1059,186,5974,1858
1060,181,2735,1859
1061,387,4851,5954
1062,250,4852,5957
1063,180,4853,5358
1064,2798,4774,5534
1065,451,5343,5796
1066,673,186,2290
1067,5150,480,5148
1068,220,181,5351
1069,5502,62,5527
1070,5076,2199,5789
1071,2752,2200,782
1072,2750,2201,5343
1073,2751,2202,5336
1074,3104,2203,5222
1075,5001,2204,5357
1076,5002,2205,5533
1077,5003,2206,5795
1078,5004,2207,5213
1079,5005,2208,5352
1080,5006,5302,5528
1081,5007,5147,5790
1082,5303,5077,5353
1083,614,180,5354
1084,183,211,5355
1085,185,24,5356
1086,188,134,5529
1087,3125,1836,5530
1088,5179,992,5531
1089,3159,3090,5532
1090,3718,3091,5791
1091,2199,3092,5792
1092,2200,3093,5793
1093,2201,3096,5794
1094,2202,879,5171
1095,2203,387,5342
1096,2204,183,5157
1097,2205,185,5337
1098,2206,188,5338
1099,2207,1100,5339
1100,2208,5180,5340
1101,231,450,5341
1102,5116,3706,5328
1103,5230,241,5311
1104,1372,5117,5221
1105,5108,253,5214
1106,3097,5107,5250
1107,2536,5149,5215
1108,2539,1199,5216
1109,5311,5231,5217
1110,5459,5204,5218
1111,219,3605,5219
1112,5205,3606,5220
1113,5157,5790,5230
1114,5139,5528,5139
1115,1841,5352,5116
1116,135,5312,5205
1117,5789,156,5179
1118,5527,5138,483
1119,5351,5834,484
1120,5250,1838,5108
1121,1375,1831,5170
1122,3762,5158,268
1123,3763,5795,5076
1124,3764,5533,5158
1125,3765,5357,5159
1126,5213,5249,5160
1127,485,298,5161
1128,4848,297,5162
1129,4849,1417,5163
1130,4850,482,5164
1131,5328,1833,5165
1132,2983,1834,5166
1133,5336,5327,5167
1134,5171,5867,5168
1135,5796,881,5169
1136,5534,882,5327
1137,5358,883,5303
1138,3128,884,5312
1139,5484,885,2551
1140,5147,886,2552
1141,5222,888,2553
1142,4774,551,2554
1143,5343,581,5258
1144,3102,5148,5313
1145,3103,1419,5314
1146,5875,1420,5315
1147,344,5214,5316
1148,5149,5170,5317
1149,268,553,5318
1150,262,232,5319
1151,2103,233,5320
1152,1830,234,5321
1153,2209,237,5322
1154,3139,238,5323
1155,5259,239,5324
1156,3094,243,5325
1157,3180,247,5326
1158,2787,5337,5249
1159,2788,5260,5231
1160,5077,151,5232
1161,5790,229,5233
1162,5528,5791,5234
1163,5352,5529,5235
1164,5302,5353,5236
1165,5148,5794,5237
1166,272,5532,5238
1167,5180,5356,5239
1168,5795,5221,5240
1169,5533,295,5241
1170,5357,294,5242
1171,5818,296,5243
1172,1842,299,5244
1173,1843,301,5245
1174,1844,5301,5246
1175,1845,5342,5247
1176,1846,2756,5248
1177,1847,5792,5138
1178,1848,5530,5513
1179,2080,5354,5521
1180,2082,5078,5522
1181,5117,5793,5117
1182,3191,5531,5204
1183,5231,5355,5118
1184,3583,2754,5119
1185,5107,2755,5120
1186,2598,3590,5121
1187,5312,2363,5122
1188,5510,5181,5123
1189,5158,3762,5124
1190,5204,3763,5125
1191,5214,3764,5126
1192,5138,3765,5127
1193,5337,5106,5128
1194,5791,5118,5129
1195,5529,5232,5130
1196,5353,5203,5131
1197,5794,5313,5132
1198,5532,5137,5133
1199,5356,1860,5134
1200,5249,5248,5135
1201,5327,5159,5136
1202,486,262,5137
1203,487,389,5180
1204,488,5326,5181
1205,489,5169,5182
1206,490,579,5183
1207,491,580,5184
1208,493,268,5185
1209,5792,5215,5186
1210,5530,5261,5187
1211,5354,153,5188
1212,5793,5338,5189
1213,5531,550,5190
1214,5355,552,5191
1215,5170,5300,5192
1216,5342,5220,5193
1217,5221,5079,5194
1218,3741,264,5195
1219,151,272,5196
1220,264,5182,5197
1221,1870,5341,5198
1222,523,5105,5199
1223,448,5119,5200
1224,5338,5202,5201
1225,502,5233,5202
1226,5341,5136,5203
1227,5215,5314,5107
1228,5220,5247,5077
1229,5339,4775,5078
1230,5340,5262,5079
1231,5159,5160,5080
1232,5216,5325,5081
1233,5219,5299,5082
1234,5169,5080,5083
1235,2402,5168,5084
1236,5217,5104,5085
1237,5218,5183,5086
1238,5313,5263,5087
1239,838,5120,5088
1240,1373,5201,5089
1241,5232,5298,5090
1242,5326,5216,5091
1243,5118,5135,5092
1244,5260,5264,5093
1245,5181,5234,5094
1246,1191,5297,5095
1247,1192,5265,5096
1248,5248,5339,5097
1249,5078,5296,5098
1250,4867,5266,5099
1251,5137,5295,5100
1252,5203,5267,5101
1253,5160,5294,5102
1254,501,5293,5103
1255,5168,5268,5104
1256,5106,5292,5105
1257,5301,5269,5106
1258,5167,5291,3
1259,5161,5270,5302
1260,5166,5271,5259
1261,5162,5272,5260
1262,5163,5273,5261
1263,5164,5274,5262
1264,5165,5275,5263
1265,133,5276,5264
1266,5314,5277,5265
1267,5325,5278,5266
1268,5324,5279,5267
1269,5315,5280,5268
1270,5323,5281,5269
1271,5316,5282,5270
1272,5317,5283,5271
1273,5318,5284,5272
1274,5319,5285,5273
1275,5320,5286,5274
1276,5321,5287,5275
1277,5322,5288,5276
1278,5233,5289,5277
1279,5247,5290,5278
1280,5246,5081,5279
1281,5234,5103,5280
1282,5245,5246,5281
1283,5235,5219,5282
1284,5236,5315,5283
1285,5237,5082,5284
1286,5238,5102,5285
1287,5239,5184,5286
1288,5240,5083,5287
1289,5241,5101,5288
1290,5242,5084,5289
1291,5243,5100,5290
1292,5244,5085,5291
1293,5119,5099,5292
1294,5136,5098,5293
1295,5182,5086,5294
1296,5202,5097,5295
1297,5135,5087,5296
1298,5120,5096,5297
1299,5134,5088,5298
1300,5121,5089,5299
1301,5122,5090,5300
1302,5123,5091,5301
1303,5124,5092,2080
1304,5125,5093,2082
1305,5126,5094,186
1306,5127,5095,3123
1307,5128,5340,1819
1308,5129,5200,3161
1309,5130,5324,181
1310,5131,5121,1821
1311,5132,5185,180
1312,5133,5199,448
1313,5201,5134,892
1314,5183,5186,894
1315,5200,5198,895
1316,5184,5187,3088
1317,5185,5197,173
1318,5186,5188,5008
1319,5187,5196,5009
1320,5188,5195,5010
1321,5189,5189,5011
1322,5190,5194,5012
1323,5191,5190,3055
1324,5192,5193,3057
1325,5193,5191,1487
1326,5194,5192,1489
1327,5195,5161,594
1328,5196,5122,150
1329,5197,5133,309
1330,5198,5235,262
1331,5199,5123,3781
1332,5079,5132,3783
1333,5105,5124,3784
1334,5104,5131,3785
1335,5080,5125,3786
1336,5103,5130,226
1337,5081,5129,985
1338,5082,5126,1665
1339,5083,5127,1667
1340,5084,5128,1668
1341,5085,5245,1031
1342,5086,5167,358
1343,5087,5236,360
1344,5088,5244,361
1345,5089,5237,191
1346,5090,5243,151
1347,5091,5238,272
1348,5092,5242,312
1349,5093,5239,183
1350,5094,5241,5938
1351,5095,5240,185
1352,5096,5316,188
1353,5097,5323,1683
1354,5098,5317,264
1355,5099,5322,206
1356,5100,5318,1538
1357,5101,5321,1542
1358,5102,5319,1215
1359,5261,5320,1217
1360,5300,5162,1218
1361,5299,5166,3113
1362,5262,5163,4930
1363,5298,5165,4931
1364,5263,5164,4932
1365,5264,5217,4933
1366,5265,5218,4934
1367,5266,1839,4935
1368,5267,1840,4936
1369,5268,4076,3720
1370,5269,3874,1533
1371,5270,3975,5035
1372,5271,3906,517
1373,5272,3238,15
1374,5273,4022,1424
1375,5274,483,1428
1376,5275,484,1429
1377,5276,4102,506
1378,5277,3940,507
1379,5278,341,508
1380,5279,3993,509
1381,5280,4118,510
1382,5281,3121,511
1383,5282,824,512
1384,5283,267,513
1385,5284,3917,514
1386,5285,875,515
1387,5286,547,516
1388,5287,5920,518
1389,5288,291,114
1390,5289,3701,5442
1391,5290,475,5443
1392,5291,1425,1841
1393,5292,2362,311
1394,5293,275,485
1395,5294,278,192
1396,5295,276,3115
1397,5296,838,310
1398,5297,150,313
1399,957,334,314
1400,480,335,315
1401,587,336,316
1402,2735,5824,317
1403,505,4787,318
1404,150,4788,319
1405,3196,282,3604
1406,156,1372,2236
1407,1199,1841,2282
1408,306,3180,109
1409,298,5001,110
1410,267,5002,3109
1411,5442,5003,1373
1412,5443,5004,3180
1413,3055,5005,137
1414,3057,5006,3191
1415,1416,5007,127
1416,297,3191,128
1417,1427,485,4154
1418,1837,5459,4155
1419,1487,3239,4156
1420,1489,3240,4157
1421,291,673,4158
1422,153,270,4159
1423,569,5822,5066
1424,4844,1373,5067
1425,3157,2798,5068
1426,555,292,5069
1427,556,451,5070
1428,3126,1830,5071
1429,3127,344,5412
1430,3605,448,5413
1431,3606,479,5414
1432,2363,5502,5415
1433,554,1416,5416
1434,295,1375,5417
1435,208,481,5379
1436,294,288,5381
1437,241,1102,3792
1438,296,1103,3793
1439,299,1104,3794
1440,301,1105,3795
1441,134,1106,3796
1442,275,1107,3797
1443,585,1108,3798
1444,500,1109,3799
1445,2786,1110,344
1446,1102,1111,2354
1447,1103,1112,5378
1448,1104,1113,5380
1449,1105,1114,399
1450,1106,1115,208
1451,1107,1116,3749
1452,1108,1117,291
1453,1109,1118,2485
1454,1110,1119,2486
1455,1111,1120,1381
1456,1112,1121,3030
1457,1113,1122,3031
1458,1114,1123,1842
1459,1115,1124,1843
1460,1116,1125,1844
1461,1117,1126,1845
1462,1118,1127,1846
1463,1119,1128,1847
1464,1120,1129,1848
1465,1121,1130,1671
1466,1122,1131,4865
1467,1123,1132,4869
1468,1124,1133,4870
1469,1125,1134,267
1470,1126,1135,486
1471,1127,1136,487
1472,1128,1137,488
1473,1129,1138,489
1474,1130,1139,490
1475,1131,1140,491
1476,1132,1141,493
1477,1133,1142,440
1478,1134,1143,5826
1479,1135,1144,5827
1480,1136,1145,5829
1481,1137,1146,5830
1482,1138,1147,5831
1483,1139,1148,387
1484,1140,1149,5447
1485,1141,1150,5448
1486,1142,1151,1416
1487,1143,1152,1430
1488,1144,1153,3741
1489,1145,1154,1830
1490,1146,1155,2258
1491,1147,1156,2268
1492,1148,1157,129
1493,1149,1158,5835
1494,1150,277,5836
1495,1151,3741,5837
1496,1152,4785,5838
1497,1153,4786,5839
1498,1154,284,5840
1499,1155,261,5841
1500,1156,1842,153
1501,1157,1843,1607
1502,1158,1844,77
1503,253,1845,3107
1504,677,1846,968
1505,824,1847,969
1506,3515,1848,257
1507,3516,565,2536
1508,594,144,2539
1509,278,4778,963
1510,2663,4779,1398
1511,4775,4780,236
1512,3090,486,938
1513,3091,487,569
1514,3092,488,527
1515,3093,489,1422
1516,3096,490,1423
1517,226,491,1431
1518,3700,493,1432
1519,4121,3159,307
1520,890,265,5976
1521,3659,2752,5977
1522,211,2750,3719
1523,2139,2751,275
1524,2588,293,142
1525,1823,2080,2139
1526,1824,2082,2103
1527,1825,3616,3112
1528,1826,558,751
1529,1827,559,3602
1530,1828,560,5953
1531,1829,290,2735
1532,1832,3801,1202
1533,1835,4451,1199
1534,1426,3230,3098
1535,276,3718,4447
1536,3637,285,4773
1537,282,266,838
1538,4460,283,4963
1539,4461,289,6012
1540,4462,5484,979
1541,3810,1879,2363
1542,3811,1880,3140
1543,3812,1881,3141
1544,3276,1882,3142
1545,3277,281,3143
1546,3278,561,3144
1547,4787,562,3145
1548,4788,563,3146
1549,2563,564,3147
1550,207,273,3148
1551,232,279,3149
1552,233,2787,3150
1553,234,2788,3151
1554,237,2983,1884
1555,238,3139,1885
1556,239,182,1886
1557,243,843,1887
1558,247,844,1888
1559,4833,845,1889
1560,4834,846,1890
1561,4835,847,1891
1562,4836,848,1892
1563,4837,849,1893
1564,1441,850,1894
1565,1818,851,1895
1566,843,852,2771
1567,844,853,2772
1568,845,854,2773
1569,846,855,2774
1570,847,856,2775
1571,848,857,2776
1572,849,858,2777
1573,850,859,2778
1574,851,860,2779
1575,852,861,2780
1576,853,862,2781
1577,854,863,2782
1578,855,864,3726
1579,856,865,3727
1580,857,866,3728
1581,858,867,4774
1582,859,868,2753
1583,860,3125,1178
1584,861,3171,4848
1585,862,3172,4849
1586,863,263,4850
1587,864,269,144
1588,865,286,130
1589,866,287,1376
1590,867,274,1377
1591,868,3583,3762
1592,144,2598,3763
1593,4805,527,3764
1594,4809,1620,3765
1595,2749,4784,6003
1596,2736,5875,656
1597,2748,1533,1038
1598,4963,519,3511
1599,1533,520,946
1600,2171,3170,651
1601,4854,3173,657
1602,4855,5442,136
1603,4856,5443,1527
1604,547,2209,1528
1605,498,3055,648
1606,5509,3057,649
1607,261,4790,650
1608,292,4792,652
1609,3161,1487,653
1610,4865,1489,654
1611,4869,4833,655
1612,4870,4834,945
1613,3720,4835,5936
1614,4851,4836,1519
1615,4852,4837,3122
1616,4853,4867,3124
1617,4448,3637,5844
1618,581,569,235
1619,4449,957,2222
1620,766,4805,4787
1621,4450,4809,4788
1622,288,587,2199
1623,3800,271,2200
1624,3219,306,2201
1625,277,5818,2202
1626,985,2139,2203
1627,1409,208,2204
1628,1410,2402,2205
1629,1411,1823,2206
1630,1412,1824,2207
1631,1413,1825,2208
1632,1414,1826,207
1633,1415,1827,278
1634,1418,1828,2097
1635,1421,1829,5485
1636,270,1832,3605
1637,3604,1835,3606
1638,284,3128,1688
1639,1433,1409,282
1640,1434,1410,2727
1641,1435,1411,3068
1642,1436,1412,1391
1643,1437,1413,4833
1644,3177,1414,4834
1645,3178,1415,4835
1646,3179,1418,4836
1647,3185,1421,4837
1648,3192,2171,1506
1649,3193,5510,225
1650,3194,1870,228
1651,3195,149,230
1652,527,1191,340
1653,551,1192,5921
1654,4778,1837,2171
1655,4779,825,4122
1656,4780,5936,4123
1657,553,3604,3097
1658,3703,528,251
1659,182,4844,8
1660,4785,3115,973
1661,4786,677,3169
1662,4811,4963,2532
1663,5948,3177,2533
1664,751,3178,2534
1665,710,3179,972
1666,712,3185,976
1667,745,3192,974
1668,265,3193,975
1669,3115,3194,977
1670,1027,3195,978
1671,3520,1427,528
1672,3522,585,261
1673,3555,1608,496
1674,4838,1609,1363
1675,579,1610,1364
1676,580,1611,5937
1677,293,1612,2984
1678,517,1613,2985
1679,2283,428,2986
1680,506,3157,2987
1681,507,3615,2988
1682,508,4781,2989
1683,509,4782,956
1684,510,4783,1408
1685,511,4789,480
1686,512,4791,156
1687,513,594,1293
1688,514,207,1294
1689,515,226,827
1690,516,3659,1509
1691,518,5937,1510
1692,2524,178,1511
1693,3030,332,1512
1694,3031,2786,1513
1695,3513,751,1514
1696,290,2588,1515
1697,479,140,1516
1698,5824,808,2093
1699,371,809,2094
1700,481,503,3099
1701,2535,504,3100
1702,550,4811,3101
1703,552,4121,3105
1704,1821,324,3106
1705,2212,3126,3108
1706,334,3127,3110
1707,335,3515,298
1708,336,3516,1461
1709,4929,1293,1463
1710,4828,1294,1466
1711,4829,890,305
1712,225,4865,297
1713,228,4869,3196
1714,230,4870,4868
1715,340,5922,547
1716,2676,5923,1462
1717,266,5924,1464
1718,283,5925,1465
1719,289,5926,3788
1720,285,5927,2085
1721,281,5928,1634
1722,1424,5929,227
1723,1428,1818,3065
1724,1429,2563,3066
1725,2137,5503,1502
1726,2138,5504,1503
1727,2140,5505,2125
1728,2141,522,2126
1729,2142,524,953
1730,2143,525,954
1731,2485,384,4843
1732,2486,385,295
1733,5469,386,2638
1734,5471,5422,246
1735,273,5423,294
1736,279,1621,955
1737,2085,1622,276
1738,428,1623,296
1739,477,1624,299
1740,478,1625,301
1741,3719,3700,3104
1742,4483,2663,2370
1743,3833,4854,2371
1744,3299,4855,292
1745,3616,4856,4807
1746,5412,943,4808
1747,5413,944,1764
1748,5414,1433,1765
1749,5415,1434,1518
1750,5416,1435,250
1751,5417,1436,1851
1752,5066,1437,1409
1753,5067,2137,1410
1754,5068,2138,1411
1755,5069,2140,1412
1756,5070,2141,1413
1757,5071,2142,1414
1758,4154,2143,1415
1759,4155,1426,1418
1760,4156,322,1421
1761,4157,323,4830
1762,4158,5976,182
1763,4159,5977,3119
1764,399,985,3177
1765,2127,4838,3178
1766,2129,139,3179
1767,2130,321,3185
1768,2131,4460,3192
1769,5503,4461,3193
1770,5504,4462,3194
1771,5505,3810,3195
1772,8,3811,1823
1773,2385,3812,1824
1774,4784,3276,1825
1775,528,3277,1826
1776,5822,3278,1827
1777,476,3161,1828
1778,5893,3720,1829
1779,5447,1027,1832
1780,5448,2127,1835
1781,5936,2129,3704
1782,1671,2130,1494
1783,5379,2131,2377
1784,1031,1441,2586
1785,227,5509,2587
1786,274,521,5503
1787,3,331,5504
1788,5381,469,5505
1789,3917,818,244
1790,2797,2749,245
1791,2097,2736,5464
1792,307,2748,5465
1793,5378,819,4840
1794,5421,820,4841
1795,5377,821,4842
1796,2093,2085,135
1797,2094,804,1761
1798,5380,805,1762
1799,149,806,1763
1800,1376,807,2105
1801,1377,3030,2106
1802,3152,3031,5436
1803,5976,766,5437
1804,5977,1025,288
1805,3267,1026,555
1806,4118,5447,556
1807,2290,5448,2104
1808,5438,498,277
1809,2796,2485,1529
1810,4790,2486,3198
1811,4792,5418,3199
1812,3993,5419,2365
1813,263,5420,2366
1814,269,5506,3490
1815,286,5507,3491
1816,287,5508,284
1817,1764,4857,1867
1818,1765,4858,1868
1819,1869,4859,1645
1820,2794,548,554
1821,2795,517,220
1822,3171,506,231
1823,3172,507,3094
1824,5954,508,5952
1825,5957,509,2229
1826,350,510,2238
1827,565,511,2239
1828,3940,512,2240
1829,3356,513,2244
1830,2789,514,2245
1831,2790,515,2261
1832,2791,516,2263
1833,2792,518,2275
1834,2793,1671,2276
1835,440,477,2277
1836,4102,478,2278
1837,1551,4448,2281
1838,4022,225,2294
1839,1866,228,2295
1840,1879,230,2296
1841,1880,340,2297
1842,1881,23,190
1843,1882,4449,1165
1844,3906,476,377
1845,3068,4828,5432
1846,3975,4829,5433
1847,1864,4450,5434
1848,1865,529,6001
1849,1506,530,6002
1850,3874,1408,5516
1851,3392,3800,5517
1852,3400,3219,628
1853,1855,1376,629
1854,1856,1377,255
1855,1857,141,442
1856,1858,146,443
1857,1859,147,444
1858,4076,2093,1102
1859,782,2094,1103
1860,1683,307,1104
1861,5513,1764,1105
1862,5521,1765,1106
1863,5522,8,1107
1864,1430,2081,1108
1865,4122,2083,1109
1866,4123,869,1110
1867,2081,5469,1111
1868,2083,5471,1112
1869,5937,3703,1113
1870,979,1821,1114
1871,4868,227,1115
1872,384,710,1116
1873,385,712,1117
1874,386,745,1118
1875,3749,5948,1119
1876,3123,2097,1120
1877,1408,979,1121
1878,1519,3719,1122
1879,3704,3520,1123
1880,3065,3522,1124
1881,3066,3555,1125
1882,191,440,1126
1883,1398,371,1127
1884,271,2283,1128
1885,1502,2524,1129
1886,1503,3513,1130
1887,3726,3169,1131
1888,3727,3737,1132
1889,3728,3743,1133
1890,3169,3744,1134
1891,1851,3745,1135
1892,1422,3746,1136
1893,1423,3747,1137
1894,1431,399,1138
1895,1432,152,1139
1896,469,1424,1140
1897,499,1428,1141
1898,3170,1429,1142
1899,3173,830,1143
1900,2753,990,1144
1901,968,994,1145
1902,969,816,1146
1903,140,5412,1147
1904,558,5413,1148
1905,559,5414,1149
1906,560,5415,1150
1907,561,5416,1151
1908,562,5417,1152
1909,563,5066,1153
1910,564,5067,1154
1911,3788,5068,1155
1912,3737,5069,1156
1913,3743,5070,1157
1914,3744,5071,1158
1915,3745,4154,477
1916,3746,4155,478
1917,3747,4156,324
1918,1178,4157,4785
1919,15,4158,4786
1920,1494,4159,843
1921,1381,2535,844
1922,825,2212,845
1923,102,365,846
1924,178,3068,847
1925,946,102,848
1926,808,946,849
1927,809,1506,850
1928,1293,1851,851
1929,1294,817,852
1930,963,4929,853
1931,3707,470,854
1932,3708,471,855
1933,3711,472,856
1934,945,2676,857
1935,582,945,858
1936,583,3704,859
1937,586,3065,860
1938,3511,3066,861
1939,324,802,862
1940,656,4868,863
1941,5418,1502,864
1942,5419,1503,865
1943,5420,499,866
1944,5506,3591,867
1945,5507,3592,868
1946,5508,3593,131
1947,4857,4937,1589
1948,4858,4938,3713
1949,4859,4939,3714
1950,1038,4940,3715
1951,651,4941,4775
1952,657,4942,952
1953,648,4943,5819
1954,649,4944,4778
1955,650,4945,4779
1956,652,4946,4780
1957,653,4947,476
1958,654,4948,3707
1959,655,4949,3708
1960,4781,4950,3711
1961,4782,4951,3759
1962,4783,4952,3760
1963,4789,4953,3761
1964,4791,4954,1863
1965,1461,4955,2510
1966,1463,4956,961
1967,1466,4957,962
1968,3759,4958,2211
1969,3760,4959,2137
1970,3761,4960,2138
1971,2236,4961,2140
1972,2282,4962,2141
1973,1462,4964,2142
1974,1464,4965,2143
1975,1465,4966,270
1976,3615,4967,502
1977,938,4968,964
1978,305,4969,965
1979,2125,4970,966
1980,2126,4971,967
1981,2354,5379,499
1982,1620,5381,102
1983,519,3759,265
1984,520,3760,2081
1985,5921,3761,2083
1986,4937,3788,219
1987,4938,1494,293
1988,4939,2753,3102
1989,4940,3626,3103
1990,4941,968,3321
1991,4942,969,3582
1992,4943,5378,1004
1993,4944,1031,501
1994,4945,4122,549
1995,4946,4123,133
1996,4947,5380,984
1997,4948,811,3616
1998,4949,3,4784
1999,4950,810,3233
2000,4951,812,3234
2001,4952,813,3235
2002,4953,814,824
2003,4954,815,149
2004,4955,4483,982
2005,4956,3833,613
2006,4957,3299,290
2007,4958,549,2127
2008,4959,582,2129
2009,4960,583,2130
2010,4961,586,2131
2011,4962,3114,836
2012,4964,3116,1036
2013,4965,3118,983
2014,4966,2385,986
2015,4967,5893,479
2016,4968,3707,3716
2017,4969,3708,3717
2018,4970,3711,1035
2019,4971,1519,1037
2020,589,625,256
2021,590,626,481
2022,591,1461,582
2023,592,1463,583
2024,6003,1466,586
2025,990,446,5424
2026,994,3594,5425
2027,1202,3595,3056
2028,973,3596,3058
2029,956,3598,4793
2030,496,3599,1488
2031,3056,3749,1490
2032,3058,803,581
2033,972,1178,767
2034,976,5424,523
2035,332,5425,5815
2036,5819,473,5816
2037,974,1462,3167
2038,975,1464,3168
2039,977,1465,2219
2040,978,305,5824
2041,1488,2797,4857
2042,1490,1430,4858
2043,3713,2125,4859
2044,3714,2126,5418
2045,3715,2290,5419
2046,549,5421,5420
2047,628,5377,5506
2048,629,963,5507
2049,5844,3726,5508
2050,2084,3727,5033
2051,2090,3728,5034
2052,2096,5438,3748
2053,953,1683,3750
2054,954,3152,1820
2055,804,1363,1822
2056,805,1364,817
2057,806,1038,616
2058,807,589,816
2059,955,590,5493
2060,2258,591,254
2061,2268,592,241
2062,1527,2084,469
2063,1528,2090,2417
2064,1518,2096,2418
2065,4773,2796,2419
2066,4447,5954,2213
2067,818,5957,428
2068,139,3267,322
2069,1363,1398,323
2070,1364,3056,3339
2071,1607,3058,818
2072,819,2794,3340
2073,820,2795,565
2074,821,1869,3709
2075,5422,1488,1161
2076,5423,1490,3200
2077,365,2789,3201
2078,470,2790,3202
2079,471,2791,2367
2080,472,2792,2368
2081,5953,2793,2369
2082,567,1422,3492
2083,568,1423,3493
2084,570,1431,3494
2085,5485,1432,1362
2086,4840,3511,1179
2087,4841,1381,1180
2088,4842,3356,321
2089,322,350,819
2090,323,656,820
2091,446,1551,821
2092,1608,1866,998
2093,1609,651,2267
2094,1610,657,4790
2095,1611,1864,4792
2096,1612,1865,266
2097,1613,648,283
2098,1509,649,289
2099,1510,650,281
2100,1511,652,1530
2101,1512,653,999
2102,1513,654,1000
2103,1514,655,1001
2104,1515,3392,3338
2105,1516,3400,3268
2106,321,1855,3269
2107,331,1856,3270
2108,566,1857,3802
2109,571,1858,3803
2110,572,1859,3804
2111,573,4807,4452
2112,574,4808,4453
2113,575,973,4454
2114,576,782,1861
2115,577,5513,1862
2116,595,5521,273
2117,596,5522,3171
2118,597,972,3172
2119,4807,976,831
2120,4808,974,832
2121,23,975,833
2122,2510,977,834
2123,1761,978,835
2124,1762,409,279
2125,1763,410,4851
2126,1688,411,4852
2127,473,412,4853
2128,5922,413,390
2129,5923,414,396
2130,5924,3603,404
2131,5925,628,406
2132,5926,629,140
2133,5927,5819,2452
2134,5928,956,5466
2135,5929,191,5467
2136,5424,3123,4831
2137,5425,3624,4832
2138,3591,4840,5480
2139,3592,4841,5481
2140,3593,4842,5482
2141,816,3713,2990
2142,869,3714,923
2143,2222,3715,505
2144,141,5921,2249
2145,146,953,687
2146,147,954,688
2147,2984,15,689
2148,2985,955,3737
2149,2986,445,3743
2150,2987,447,3744
2151,2988,938,3745
2152,2989,567,3746
2153,817,568,3747
2154,952,570,947
2155,2727,496,2511
2156,4843,388,2512
2157,3626,2236,2513
2158,3122,2282,2514
2159,3124,6003,2664
2160,522,566,2665
2161,524,571,2666
2162,525,572,948
2163,1849,573,951
2164,1850,574,811
2165,1852,575,285
2166,529,576,446
2167,530,577,5512
2168,3167,595,579
2169,3168,596,580
2170,2990,597,810
2171,1391,687,812
2172,152,688,813
2173,1621,689,814
2174,1622,1202,815
2175,1623,801,950
2176,1624,2354,5444
2177,1625,616,5445
2178,616,5844,5446
2179,3233,1518,2084
2180,3234,671,2090
2181,3235,672,2096
2182,2532,1849,3153
2183,2533,1850,3154
2184,2534,1852,3155
2185,3709,1527,765
2186,943,1528,2680
2187,944,382,1378
2188,1493,383,3364
2189,1499,2990,769
2190,1505,3167,770
2191,503,3168,763
2192,504,5485,134
2193,6001,2099,1295
2194,6002,2452,1296
2195,811,2258,3319
2196,810,2268,3320
2197,812,1493,2230
2198,813,1499,2235
2199,814,1505,2237
2200,815,669,2241
2201,1634,4773,2242
2202,961,4447,2243
2203,962,452,2260
2204,964,952,2262
2205,965,670,2279
2206,966,1509,2280
2207,967,1510,2284
2208,2099,1511,808
2209,830,1512,809
2210,409,1513,5429
2211,410,1514,5430
2212,411,1515,5431
2213,412,1516,3580
2214,413,1761,3581
2215,414,1762,3615
2216,1491,1763,5492
2217,1492,2510,764
2218,3716,1607,5514
2219,3717,1491,5515
2220,2452,1492,5518
2221,2370,5953,5519
2222,2371,613,5520
2223,4830,873,274
2224,1529,961,370
2225,687,962,253
2226,688,964,2215
2227,689,965,567
2228,1036,966,568
2229,3768,967,570
2230,3769,3709,589
2231,3770,3768,590
2232,3771,3769,591
2233,3772,3770,592
2234,1035,3771,4937
2235,1037,3772,4938
2236,984,4843,4939
2237,521,584,4940
2238,390,588,4941
2239,396,1688,4942
2240,404,363,4943
2241,406,364,4944
2242,3114,366,4945
2243,3116,367,4946
2244,3118,368,4947
2245,982,3787,4948
2246,452,433,4949
2247,584,434,4950
2248,588,984,4951
2249,983,676,4952
2250,986,675,4953
2251,3787,3601,4954
2252,445,982,4955
2253,447,986,4956
2254,613,983,4957
2255,2586,415,4958
2256,2587,3233,4959
2257,5432,3234,4960
2258,5433,3235,4961
2259,5434,1036,4962
2260,2638,598,4964
2261,671,831,4965
2262,672,832,4966
2263,1473,833,4967
2264,1474,834,4968
2265,1475,835,4969
2266,1476,1035,4970
2267,1477,1037,4971
2268,1478,2984,5822
2269,1479,2985,3170
2270,1480,2986,3173
2271,1481,2987,5848
2272,1482,2988,5856
2273,388,2989,5862
2274,767,3634,5866
2275,802,3635,470
2276,2511,3636,471
2277,2512,2222,472
2278,2513,4830,561
2279,2514,3777,562
2280,2377,3778,563
2281,442,3779,564
2282,443,3780,384
2283,444,3716,385
2284,5464,3717,386
2285,5465,767,3090
2286,548,2727,3091
2287,1645,3597,3092
2288,1025,5815,3093
2289,1026,5816,3096
2290,5512,390,1396
2291,2105,396,1397
2292,2106,404,1399
2293,3594,406,1400
2294,3595,600,1401
2295,3596,601,5494
2296,3598,602,5498
2297,3599,603,5499
2298,3777,604,5500
2299,3778,605,5501
2300,3779,606,1849
2301,3780,607,1850
2302,1863,608,1852
2303,2229,609,2221
2304,2238,610,3777
2305,2239,1473,3778
2306,2240,1474,3779
2307,2244,1475,3780
2308,2245,1476,1640
2309,2261,1477,1641
2310,2263,1478,1644
2311,2275,1479,1646
2312,2276,1480,1647
2313,2277,1481,3591
2314,2278,1482,3592
2315,2281,431,3593
2316,2294,6001,669
2317,2295,6002,5490
2318,2296,3122,5495
2319,2297,3124,5496
2320,5436,1391,1160
2321,5437,2532,1164
2322,600,2533,1166
2323,601,2534,1167
2324,602,453,372
2325,603,454,373
2326,604,455,376
2327,605,456,378
2328,606,1853,379
2329,607,2132,566
2330,608,2133,571
2331,609,2134,572
2332,610,2135,573
2333,625,2136,574
2334,626,1634,575
2335,5815,5512,576
2336,5816,998,577
2337,2104,1529,595
2338,3490,3649,596
2339,3491,3650,597
2340,3198,3651,3626
2341,3199,3652,3768
2342,2365,3653,3769
2343,2366,3654,3770
2344,5952,3655,3771
2345,1867,3656,3772
2346,1868,3657,670
2347,1165,3658,622
2348,3748,999,1493
2349,3750,1000,1499
2350,377,1001,1505
2351,5493,622,1491
2352,1820,435,1492
2353,1822,436,1015
2354,669,437,9
2355,1004,438,5486
2356,190,439,5487
2357,5516,2511,5488
2358,5517,2512,5489
2359,382,2513,784
2360,383,2514,623
2361,3712,1508,3471
2362,2132,623,3472
2363,2133,2370,3473
2364,2134,2371,3474
2365,2135,5460,3475
2366,2136,5461,3476
2367,1853,5462,3477
2368,831,5463,3478
2369,832,3712,3787
2370,833,1820,473
2371,834,1822,1760
2372,835,1004,785
2373,670,765,786
2374,998,624,787
2375,1589,755,1016
2376,803,756,1017
2377,999,757,558
2378,1000,758,559
2379,1001,759,560
2380,2211,760,551
2381,433,761,4845
2382,434,762,4846
2383,765,763,4847
2384,763,769,3638
2385,769,770,3639
2386,770,5432,3640
2387,1508,5433,3641
2388,5033,5434,3642
2389,5034,764,3114
2390,764,2586,3116
2391,3603,2587,3118
2392,836,3608,5362
2393,363,3610,5363
2394,364,3614,5364
2395,366,3322,5365
2396,367,3323,5366
2397,368,3324,5367
2398,676,3325,5368
2399,675,3326,5369
2400,1378,3327,5370
2401,3710,3328,5371
2402,4793,3748,5372
2403,3026,3750,5373
2404,3027,874,5374
2405,3624,1863,5375
2406,1362,5493,5376
2407,5848,3026,5538
2408,5856,3027,5539
2409,5862,5464,5540
2410,5866,5465,5541
2411,3582,1378,5542
2412,3649,2482,5543
2413,3650,2638,5544
2414,3651,325,5545
2415,3652,326,5546
2416,3653,327,5547
2417,3654,328,5548
2418,3655,329,5549
2419,3656,330,5550
2420,3657,3710,5551
2421,3658,442,5552
2422,453,443,5800
2423,454,444,5801
2424,455,1645,5802
2425,456,686,5803
2426,3321,3638,5804
2427,5494,3639,5805
2428,4863,3640,5806
2429,4864,3641,5807
2430,4866,3642,5808
2431,947,2377,5809
2432,622,2105,5810
2433,801,2106,5811
2434,873,4863,5812
2435,948,4864,5813
2436,951,4866,5814
2437,392,947,331
2438,393,3588,624
2439,394,3589,671
2440,395,3627,672
2441,397,3628,519
2442,398,3629,520
2443,400,3630,990
2444,402,3631,994
2445,403,3632,949
2446,405,3633,553
2447,923,951,2115
2448,950,948,5511
2449,623,2229,432
2450,415,2238,804
2451,5511,2239,805
2452,1760,2240,806
2453,1530,2244,807
2454,5492,2245,3300
2455,1179,2261,3301
2456,1180,2263,3302
2457,624,2275,3517
2458,2482,2276,3518
2459,2417,2277,3519
2460,2418,2278,452
2461,2419,2281,2132
2462,2996,2294,2133
2463,431,2295,2134
2464,2219,2296,2135
2465,1861,2297,2136
2466,1862,5436,263
2467,1161,5437,269
2468,5460,950,286
2469,5461,5952,287
2470,5462,2996,441
2471,5463,5494,365
2472,3721,1015,232
2473,3722,2104,233
2474,3638,1679,234
2475,3639,3490,237
2476,3640,3491,238
2477,3641,2457,239
2478,3642,3198,243
2479,3339,3199,247
2480,598,2365,3917
2481,784,2366,3712
2482,5498,1867,5858
2483,5499,1868,5860
2484,5500,1165,1642
2485,5501,1016,1345
2486,3340,1017,3174
2487,3492,377,3175
2488,3493,392,3176
2489,3494,393,178
2490,785,394,1473
2491,786,395,1474
2492,787,397,1475
2493,3200,398,1476
2494,3201,400,1477
2495,3202,402,1478
2496,1295,403,1479
2497,1296,405,1480
2498,2367,5033,1481
2499,2368,5034,1482
2500,2369,784,2547
2501,4831,1602,2548
2502,4832,1603,2549
2503,1015,1604,2550
2504,2991,1605,2599
2505,2992,1606,2600
2506,2993,5511,2601
2507,2995,785,2602
2508,2997,786,2603
2509,2213,787,1643
2510,5466,1589,529
2511,5467,5516,530
2512,5490,5517,1162
2513,5495,190,1879
2514,5496,1760,1880
2515,5800,2101,1881
2516,5801,5848,1882
2517,5802,5856,374
2518,5803,5862,2540
2519,5804,5866,2541
2520,5805,2991,2542
2521,5806,2992,2543
2522,5807,2993,2099
2523,5808,2995,1163
2524,5809,2997,1012
2525,5810,2211,4781
2526,5811,4793,4782
2527,5812,2453,4783
2528,5813,2454,4789
2529,5814,2456,4791
2530,5538,2458,375
2531,5539,1362,1614
2532,5540,5492,1615
2533,5541,836,1616
2534,5542,829,1617
2535,5543,1472,1618
2536,5544,709,1602
2537,5545,5498,1603
2538,5546,5499,1604
2539,5547,5500,1605
2540,5548,5501,1606
2541,5549,1012,5439
2542,5550,923,5440
2543,5551,3721,5441
2544,5552,3722,211
2545,5362,3321,1380
2546,5363,3582,1013
2547,5364,1291,1014
2548,5365,1380,271
2549,5366,1013,3721
2550,5367,1014,3722
2551,5368,4831,2225
2552,5369,4832,2226
2553,5370,1861,2227
2554,5371,1862,2228
2555,5372,617,2246
2556,5373,618,2247
2557,5374,619,2248
2558,5375,4801,2259
2559,5376,1530,2291
2560,1016,1345,2292
2561,1017,949,2293
2562,2457,5490,2726
2563,3338,5495,2482
2564,2267,5496,2353
2565,4452,1469,1310
2566,4453,1470,3231
2567,4454,1471,3232
2568,3802,1295,3026
2569,3803,1296,3027
2570,3804,1179,332
2571,3268,1180,139
2572,3269,5013,4436
2573,3270,5014,4437
2574,755,5015,4439
2575,756,5016,4440
2576,757,5017,4441
2577,758,5018,4442
2578,759,5019,4762
2579,760,5020,4763
2580,761,5021,4765
2581,762,5022,4766
2582,2664,5023,4767
2583,2665,5024,4768
2584,2666,5025,1620
2585,5429,5026,334
2586,5430,5027,335
2587,5431,5028,336
2588,5480,5029,1853
2589,5481,5030,825
2590,5482,5031,676
2591,435,5032,869
2592,436,3617,500
2593,437,3618,392
2594,438,3619,393
2595,439,3620,394
2596,2249,3621,395
2597,5858,3622,397
2598,5860,3623,398
2599,1380,3625,400
2600,2453,2417,402
2601,2454,2418,403
2602,2456,2419,405
2603,2458,5800,4118
2604,5013,5801,3710
2605,5014,5802,675
2606,5015,5803,1390
2607,5016,5804,5013
2608,5017,5805,5014
2609,5018,5806,5015
2610,5019,5807,5016
2611,5020,5808,5017
2612,5021,5809,5018
2613,5022,5810,5019
2614,5023,5811,5020
2615,5024,5812,5021
2616,5025,5813,5022
2617,5026,5814,5023
2618,5027,5538,5024
2619,5028,5539,5025
2620,5029,5540,5026
2621,5030,5541,5027
2622,5031,5542,5028
2623,5032,5543,5029
2624,949,5544,5030
2625,4801,5545,5031
2626,1012,5546,5032
2627,3601,5547,5422
2628,3153,5548,5423
2629,3154,5549,3130
2630,3155,5550,3131
2631,2680,5551,3132
2632,2230,5552,4863
2633,2235,5362,4864
2634,2237,5363,4866
2635,2241,5364,1208
2636,2242,5365,2457
2637,2243,5366,3069
2638,2260,5367,3070
2639,2262,5368,3071
2640,2279,5369,598
2641,2280,5370,3993
2642,2284,5371,2996
2643,5444,5372,2589
2644,5445,5373,2590
2645,5446,5374,2591
2646,1640,5375,2214
2647,1641,5376,2784
2648,1644,3611,2785
2649,1646,3612,1438
2650,1647,2219,1439
2651,1013,1161,1508
2652,1014,5466,1403
2653,1602,5467,3660
2654,1603,615,3661
2655,1604,1669,3662
2656,1605,1670,3663
2657,1606,1672,3351
2658,3580,1673,3352
2659,3581,1674,3353
2660,3319,1675,3354
2661,3320,1676,3355
2662,2215,1677,4924
2663,3322,667,4925
2664,3323,3339,4926
2665,3324,958,4927
2666,3325,959,4928
2667,3326,3660,550
2668,3327,3661,552
2669,3328,3662,3217
2670,3364,3663,2450
2671,1200,3340,3509
2672,1201,3492,23
2673,1203,3493,3594
2674,1204,3494,3595
2675,1205,3200,3596
2676,1206,3201,3598
2677,432,3202,3599
2678,1345,2367,2717
2679,3130,2368,2344
2680,3131,2369,1287
2681,3132,2213,896
2682,5514,5858,897
2683,5515,5860,898
2684,5518,3130,899
2685,5519,3131,5922
2686,5520,3132,5923
2687,889,1006,5924
2688,891,5429,5925
2689,370,5430,5926
2690,896,5431,5927
2691,897,2664,5928
2692,898,2665,5929
2693,899,2666,5460
2694,4845,1614,5461
2695,4846,1615,5462
2696,4847,1616,5463
2697,1396,1617,3940
2698,1397,1618,2453
2699,1399,2267,2454
2700,1400,5480,2456
2701,1401,5481,2458
2702,2599,5482,2991
2703,2600,3338,2992
2704,2601,401,2993
2705,2602,407,2995
2706,2603,408,2997
2707,3517,1007,1200
2708,3518,4452,1201
2709,3519,4453,1203
2710,9,4454,1204
2711,3634,3802,1205
2712,3635,3803,1206
2713,3636,3804,584
2714,5486,3268,588
2715,5487,3269,4102
2716,5488,3270,1608
2717,5489,1200,1609
2718,1472,1201,1610
2719,1614,1203,1611
2720,1615,1204,1612
2721,1616,1205,1613
2722,1617,1206,1404
2723,1618,896,1405
2724,3471,897,2564
2725,3472,898,2565
2726,3473,899,2566
2727,3474,889,2567
2728,3475,891,2568
2729,3476,1019,2667
2730,3477,2249,2668
2731,3478,4845,2669
2732,2221,4846,2670
2733,1160,4847,152
2734,1164,1018,802
2735,1166,1640,433
2736,1167,1641,434
2737,372,1644,5996
2738,373,1646,5997
2739,376,1647,5998
2740,378,1009,5999
2741,379,432,6000
2742,3300,3517,3723
2743,3301,3518,3724
2744,3302,3519,3725
2745,401,3300,3730
2746,407,3301,3731
2747,408,3302,3732
2748,3597,2230,4022
2749,325,2235,2544
2750,326,2237,2545
2751,327,2241,3208
2752,328,2242,3209
2753,329,2243,3210
2754,330,2260,3211
2755,874,2262,3212
2756,3608,2279,2441
2757,3610,2280,2442
2758,3614,2284,2443
2759,3069,4816,2444
2760,3070,4817,2445
2761,3071,4818,3500
2762,1469,4820,3501
2763,1470,5444,3502
2764,1471,5445,3503
2765,2589,5446,3504
2766,2590,3069,2678
2767,2591,3070,2679
2768,2115,3071,3362
2769,1642,3153,3363
2770,686,3154,3906
2771,441,3155,1006
2772,1643,987,2264
2773,667,3319,2265
2774,3660,3320,2266
2775,3661,2680,2270
2776,3662,3580,2271
2777,3663,3581,2272
2778,3231,2599,2273
2779,3232,2600,2274
2780,1679,2601,2285
2781,3588,2602,2286
2782,3589,2603,2287
2783,958,5486,2288
2784,959,5487,2289
2785,1006,5488,1561
2786,1680,5489,1562
2787,3174,2589,1563
2788,3175,2590,958
2789,3176,2591,959
2790,2547,2215,625
2791,2548,775,626
2792,2549,776,3975
2793,2550,988,5993
2794,3133,794,5994
2795,3134,795,5995
2796,3135,3364,1209
2797,3136,3133,600
2798,3137,3134,601
2799,3138,3135,602
2800,1162,3136,603
2801,4762,3137,604
2802,4763,3138,605
2803,4765,9,606
2804,4766,3471,607
2805,4767,3472,608
2806,4768,3473,609
2807,4436,3474,610
2808,4437,3475,453
2809,4439,3476,454
2810,4440,3477,455
2811,4441,3478,456
2812,4442,1396,889
2813,374,1397,891
2814,1007,1399,3874
2815,1163,1400,1195
2816,1195,1401,1007
2817,2101,5514,667
2818,2540,5515,5491
2819,2541,5518,2681
2820,2542,5519,2682
2821,2543,5520,2683
2822,375,370,2684
2823,2784,2221,4801
2824,2785,1195,2306
2825,1208,1288,2307
2826,1019,1289,2308
2827,709,1290,2309
2828,4924,1160,1221
2829,4925,1164,1222
2830,4926,1166,1223
2831,4927,1167,1224
2832,4928,372,1019
2833,2225,373,4076
2834,2226,376,1531
2835,2227,378,3649
2836,2228,379,3650
2837,2246,1680,3651
2838,2247,599,3652
2839,2248,1194,3653
2840,2259,3028,3654
2841,2291,3029,3655
2842,2292,872,3656
2843,2293,2115,3657
2844,829,2483,3658
2845,5439,2484,987
2846,5440,1642,445
2847,5441,960,447
2848,3072,1002,17
2849,3073,1008,1621
2850,3074,5975,1622
2851,3075,1643,1623
2852,3076,971,1624
2853,3077,4814,1625
2854,5993,441,1680
2855,5994,3751,3133
2856,5995,3752,3134
2857,987,3753,3135
2858,2726,3754,3136
2859,17,3755,3137
2860,2102,3756,3138
2861,2592,3757,2102
2862,2593,3758,409
2863,2594,5491,410
2864,2595,3072,411
2865,2596,3073,412
2866,2597,3074,413
2867,3028,3075,414
2868,3029,3076,3072
2869,3611,3077,3073
2870,3612,5426,3074
2871,5491,5427,3075
2872,1018,5428,3076
2873,1390,3231,3077
2874,1009,3232,3603
2875,3627,4802,1517
2876,3628,4803,2592
2877,3629,4804,2593
2878,3630,1382,2594
2879,3631,1383,2595
2880,3632,1384,2596
2881,3633,1385,2597
2882,2353,1386,141
2883,1310,1387,146
2884,988,1388,147
2885,1438,1389,988
2886,1439,2592,6006
2887,775,2593,6007
2888,776,2594,6008
2889,1194,2595,6009
2890,794,2596,6010
2891,795,2597,6011
2892,615,2784,1018
2893,3351,2785,1009
2894,3352,2547,2617
2895,3353,2548,2619
2896,3354,2549,3203
2897,3355,2550,3204
2898,1517,3174,3205
2899,1531,3175,3206
2900,5996,3176,3207
2901,5997,1208,801
2902,5998,4762,522
2903,5999,4763,524
2904,6000,4765,525
2905,1382,4766,2372
2906,1383,4767,2373
2907,1384,4768,2374
2908,1385,4436,2375
2909,1386,4437,2376
2910,1387,4439,3495
2911,1388,4440,3496
2912,1389,4441,3497
2913,2214,4442,3498
2914,2717,980,3499
2915,3751,4924,830
2916,3752,4925,4839
2917,3753,4926,1025
2918,3754,4927,1026
2919,3755,4928,3213
2920,3756,791,3214
2921,3757,792,3215
2922,3758,793,3216
2923,1209,1162,3218
2924,1403,2540,2446
2925,2483,2541,2447
2926,2484,2542,2448
2927,2344,2543,2449
2928,1287,772,2451
2929,4814,773,3505
2930,1552,374,3506
2931,2667,2102,3507
2932,2668,1163,3508
2933,2669,780,3510
2934,2670,781,5968
2935,617,375,5969
2936,618,17,5970
2937,619,5993,5971
2938,2564,5994,5972
2939,2565,5995,5973
2940,2566,768,2231
2941,2567,796,2232
2942,2568,2225,2233
2943,3509,2226,2234
2944,3217,2227,2269
2945,2450,2228,3322
2946,4802,2246,3323
2947,4803,2247,3324
2948,4804,2248,3325
2949,3723,2259,3326
2950,3724,2291,3327
2951,3725,2292,3328
2952,3730,2293,755
2953,3731,1010,756
2954,3732,1011,757
2955,1404,5439,758
2956,1405,5440,759
2957,6006,5441,760
2958,6007,774,761
2959,6008,777,762
2960,6009,308,388
2961,6010,1531,5817
2962,6011,996,3624
2963,531,997,1188
2964,533,1517,1189
2965,534,788,2378
2966,535,789,2379
2967,2681,790,2380
2968,2682,797,2381
2969,2683,798,2382
2970,2684,799,2383
2971,2678,2726,2384
2972,2679,1390,2420
2973,2544,1552,2421
2974,2545,1030,2422
2975,2264,1033,2423
2976,2265,1438,2424
2977,2266,1439,2425
2978,2270,1209,2426
2979,2271,2353,4802
2980,2272,1310,4803
2981,2273,2086,4804
2982,2274,2087,803
2983,2285,2088,363
2984,2286,2089,364
2985,2287,2091,366
2986,2288,2092,367
2987,2289,2095,368
2988,2306,304,1382
2989,2307,3351,1383
2990,2308,3352,1384
2991,2309,3353,1385
2992,1221,3354,1386
2993,1222,3355,1387
2994,1223,4839,1388
2995,1224,5996,1389
2996,1669,5997,3611
2997,1670,5998,3612
2998,1672,5999,3608
2999,1673,6000,3610
3000,1674,2214,3614
3001,1675,2717,1457
3002,1676,2667,1679
3003,1677,2668,2101
3004,3500,2669,1564
3005,3501,2670,348
3006,3502,1403,4814
3007,3503,2344,829
3008,3504,1287,873
3009,3208,783,775
3010,3209,531,776
3011,3210,533,2604
3012,3211,534,2605
3013,3212,535,2606
3014,2441,2564,2607
3015,2442,2565,2608
3016,2443,2566,2609
3017,2444,2567,382
3018,2445,2568,383
3019,1564,1553,794
3020,3617,1554,795
3021,3618,1555,4821
3022,3619,1556,4822
3023,3620,1557,4823
3024,3621,1558,4824
3025,3622,1559,4825
3026,3623,1560,4826
3027,3625,3607,4827
3028,1561,3609,4446
3029,1562,870,4772
3030,1563,871,2159
3031,3362,3723,2160
3032,3363,3724,2161
3033,1291,3725,2162
3034,1553,3730,2163
3035,1554,3731,2164
3036,1555,3732,2165
3037,1556,6006,2166
3038,1557,6007,1187
3039,1558,6008,1190
3040,1559,6009,2546
3041,1560,6010,154
3042,4839,6011,3313
3043,4816,1564,3314
3044,4817,3509,3315
3045,4818,3217,3316
3046,4820,2450,3317
3047,5845,668,3318
3048,5846,1442,3574
3049,5847,989,3575
3050,5849,1193,3576
3051,5850,1404,3577
3052,5851,1405,3578
3053,5852,5845,3579
3054,5853,5846,2610
3055,5854,5847,2611
3056,5855,5849,2612
3057,5857,5850,2613
3058,5859,5851,2614
3059,5861,5852,1552
3060,5863,5853,1460
3061,5864,5854,1472
3062,5865,5855,943
3063,960,5857,944
3064,1002,5859,531
3065,1008,5861,533
3066,5975,5863,534
3067,1188,5864,535
3068,1189,5865,2218
3069,5426,918,2220
3070,5427,920,2223
3071,5428,1003,2224
3072,1457,1005,1365
3073,971,1292,5947
3074,1483,2681,5949
3075,1484,2682,5950
3076,1485,2683,401
3077,1486,2684,407
3078,2086,4821,408
3079,2087,4822,3601
3080,2088,4823,1194
3081,2089,4824,431
3082,2091,4825,2483
3083,2092,4826,2484
3084,2095,4827,3021
3085,2617,1483,3028
3086,2619,1484,3029
3087,5817,1485,1177
3088,2604,1486,3751
3089,2605,1457,3752
3090,2606,2264,3753
3091,2607,2265,3754
3092,2608,2266,3755
3093,2609,2270,3756
3094,3241,2271,3757
3095,3242,2272,3758
3096,3243,2273,548
3097,3244,2274,3588
3098,3245,2285,3589
3099,3246,2286,709
3100,3247,2287,3271
3101,3248,2288,3272
3102,3249,2289,3273
3103,3250,800,3275
3104,3251,2306,3805
3105,3252,2307,3806
3106,3253,2308,3807
3107,3254,2309,3809
3108,3255,1221,4455
3109,3256,1222,4456
3110,3257,1223,4457
3111,3258,1224,4459
3112,3259,1188,5975
3113,3260,1189,1469
3114,3261,2678,1470
3115,3262,2679,1471
3116,3263,2544,3241
3117,3264,2545,3242
3118,3265,1561,3243
3119,3266,1562,3244
3120,3021,1563,3245
3121,768,3021,3246
3122,3203,3500,3247
3123,3204,3501,3248
3124,3205,3502,3249
3125,3206,3503,3250
3126,3207,3504,3251
3127,791,3208,3252
3128,792,3209,3253
3129,793,3210,3254
3130,772,3211,3255
3131,773,3212,3256
3132,3495,2441,3257
3133,3496,2442,3258
3134,3497,2443,3259
3135,3498,2444,3260
3136,3499,2445,3261
3137,2372,2994,3262
3138,2373,2998,3263
3139,2374,3241,3264
3140,2375,3242,3265
3141,2376,3243,3266
3142,2378,3244,5472
3143,2379,3245,5473
3144,2380,3246,5474
3145,2381,3247,5475
3146,2382,3248,5476
3147,2383,3249,5477
3148,2384,3250,5478
3149,2420,3251,5479
3150,2421,3252,2355
3151,2422,3253,2356
3152,2423,3254,2357
3153,2424,3255,2358
3154,2425,3256,415
3155,2426,3257,936
3156,780,3258,937
3157,781,3259,1207
3158,1187,3260,2210
3159,1190,3261,2216
3160,4821,3262,2217
3161,4822,3263,2298
3162,4823,3264,2299
3163,4824,3265,2300
3164,4825,3266,2301
3165,4826,3362,2302
3166,4827,3363,2303
3167,980,2455,2304
3168,2159,2459,2305
3169,2160,1187,3634
3170,2161,1190,3635
3171,2162,1029,3636
3172,2163,3059,325
3173,2164,3060,326
3174,2165,3061,327
3175,2166,3062,328
3176,1460,3063,329
3177,2231,3064,330
3178,2232,3067,521
3179,2233,1460,2728
3180,2234,2604,2729
3181,2269,2605,2730
3182,796,2606,2731
3183,304,2607,1392
3184,3505,2608,1393
3185,3506,2609,1394
3186,3507,1177,1395
3187,3508,1495,2715
3188,3510,1496,1789
3189,3213,1497,1790
3190,3214,1498,2342
3191,3215,1500,1285
3192,3216,1501,3329
3193,3218,1504,3330
3194,2446,2159,3331
3195,2447,2160,3332
3196,2448,2161,3333
3197,2449,2162,3334
3198,2451,2163,3335
3199,774,2164,3336
3200,777,2165,3337
3201,5968,2166,503
3202,5969,5817,504
3203,5970,1309,5426
3204,5971,778,5427
3205,5972,779,5428
3206,5973,931,2716
3207,5947,4813,2343
3208,5949,1022,1286
3209,5950,2617,5845
3210,4772,2619,5846
3211,4446,3158,5847
3212,308,3160,5849
3213,348,3162,5850
3214,872,3165,5851
3215,1177,3166,5852
3216,2610,1789,5853
3217,2611,1790,5854
3218,2612,3203,5855
3219,2613,3204,5857
3220,2614,3205,5859
3221,788,3206,5861
3222,789,3207,5863
3223,790,2378,5864
3224,797,2379,5865
3225,798,2380,1657
3226,799,2381,1658
3227,1193,2382,1659
3228,599,2383,1660
3229,931,2384,1661
3230,1010,2420,1662
3231,1011,2421,1663
3232,1789,2422,1664
3233,1790,2423,1181
3234,2994,2424,1182
3235,2998,2425,1183
3236,996,2426,1184
3237,997,3495,1185
3238,918,3496,1186
3239,920,3497,3597
3240,1309,3498,874
3241,2515,3499,1309
3242,2516,2372,722
3243,2517,2373,724
3244,936,2374,1669
3245,3574,2375,1670
3246,3575,2376,1672
3247,3576,1269,1673
3248,3577,1270,1674
3249,3578,1271,1675
3250,3579,1272,1676
3251,1207,1273,1677
3252,937,1274,960
3253,3313,1275,1002
3254,3314,1276,1008
3255,3315,1277,417
3256,3316,1278,418
3257,3317,5947,419
3258,3318,5949,420
3259,1657,5950,421
3260,1658,2231,422
3261,1659,2232,423
3262,1660,2233,424
3263,1661,2234,1483
3264,1662,2269,1484
3265,1663,1365,1485
3266,1664,4772,1486
3267,2546,4446,2763
3268,1365,2610,2764
3269,783,2611,2765
3270,1288,2612,2766
3271,1289,2613,2767
3272,1290,2614,2768
3273,3059,2515,2769
3274,3060,2516,2770
3275,3061,2517,435
3276,3062,4972,436
3277,3063,4973,437
3278,3064,4974,438
3279,3067,4975,439
3280,1495,4976,2515
3281,1496,4977,2516
3282,1497,4978,2517
3283,1498,4979,665
3284,1500,4980,666
3285,1501,4981,1553
3286,1504,4982,1554
3287,2455,4983,1555
3288,2459,4984,1556
3289,3158,4985,1557
3290,3160,4986,1558
3291,3162,4987,1559
3292,3165,4988,1560
3293,3166,4989,304
3294,2218,4990,5940
3295,2220,4991,5941
3296,2223,4992,5942
3297,2224,4993,5943
3298,1459,4994,5944
3299,154,4995,5945
3300,722,4996,5946
3301,724,4997,3532
3302,2355,4998,3534
3303,2356,4999,1459
3304,2357,5000,2555
3305,2358,1207,2556
3306,668,1028,2557
3307,4455,3505,2558
3308,4456,3506,2559
3309,4457,3507,2560
3310,4459,3508,2561
3311,3805,3510,2562
3312,3806,3213,971
3313,3807,3214,686
3314,3809,3215,346
3315,3271,3216,347
3316,3272,3218,349
3317,3273,2446,1023
3318,3275,2447,931
3319,3236,2448,4813
3320,3237,2449,4816
3321,1032,2451,4817
3322,5472,348,4818
3323,5473,936,4820
3324,5474,5968,615
3325,5475,5969,918
3326,5476,5970,920
3327,5477,5971,3078
3328,5478,5972,3079
3329,5479,5973,3080
3330,1520,1459,3081
3331,1521,1657,3082
3332,1522,1658,3083
3333,1523,1659,3084
3334,1524,1660,3085
3335,1525,1661,3086
3336,1526,1662,3087
3337,1532,1663,3341
3338,1030,1664,3342
3339,1033,937,3343
3340,1003,1279,3344
3341,1005,1280,3345
3342,3532,1281,3346
3343,3534,1282,3347
3344,989,1283,3348
3345,4813,3574,3349
3346,5940,3575,3350
3347,5941,3576,980
3348,5942,3577,308
3349,5943,3578,2783
3350,5944,3579,2677
3351,5945,3313,1444
3352,5946,3314,2250
3353,1181,3315,2251
3354,1182,3316,2252
3355,1183,3317,2253
3356,1184,3318,2254
3357,1185,722,2255
3358,1186,724,2256
3359,1024,1032,2257
3360,1442,1543,1010
3361,1444,1444,1011
3362,800,3236,1193
3363,3329,3237,996
3364,3330,2546,997
3365,3331,1520,1535
3366,3332,1521,1536
3367,3333,1522,4438
3368,3334,1523,4443
3369,3335,1524,4444
3370,3336,1525,4445
3371,3337,1526,4764
3372,4972,1532,4769
3373,4973,1024,4770
3374,4974,2218,4771
3375,4975,2220,1442
3376,4976,2223,1291
3377,4977,2224,2518
3378,4978,1227,2519
3379,4979,1228,2520
3380,4980,1229,2521
3381,4981,1230,2522
3382,4982,1231,2523
3383,4983,1232,2525
3384,4984,1233,2526
3385,4985,1198,2527
3386,4986,3532,2528
3387,4987,3534,2529
3388,4988,2763,2530
3389,4989,2764,2531
3390,4990,2765,3236
3391,4991,2766,3237
3392,4992,2767,1210
3393,4993,2768,2624
3394,4994,2769,2625
3395,4995,2770,2626
3396,4996,2355,2627
3397,4997,2356,2628
3398,4998,2357,2629
3399,4999,2358,1520
3400,5000,154,1521
3401,2728,5472,1522
3402,2729,5473,1523
3403,2730,5474,1524
3404,2731,5475,1525
3405,2715,5476,1526
3406,2518,5477,1532
3407,2519,5478,768
3408,2520,5479,3357
3409,2521,333,3358
3410,2522,5978,3359
3411,2523,5979,3360
3412,2525,5980,3361
3413,2526,5981,2149
3414,2527,5982,2150
3415,2528,5983,2151
3416,2529,5984,2152
3417,2530,5985,2153
3418,2531,5986,2154
3419,2210,5987,2155
3420,2216,5988,2156
3421,2217,5989,2157
3422,2298,5990,2158
3423,2299,5991,1032
3424,2300,4455,791
3425,2301,4456,792
3426,2302,4457,793
3427,2303,4459,772
3428,2304,3805,773
3429,2305,3806,2337
3430,2342,3807,2710
3431,1285,3809,3158
3432,1392,3271,3160
3433,1393,3272,3162
3434,1394,3273,3165
3435,1395,3275,3166
3436,2716,5940,1265
3437,778,5941,3303
3438,779,5942,3304
3439,417,5943,3305
3440,418,5944,3306
3441,419,5945,3307
3442,420,5946,3308
3443,421,2518,3309
3444,422,2519,3310
3445,423,2520,3311
3446,424,2521,3312
3447,2343,2522,3564
3448,1286,2523,3565
3449,1198,2525,3566
3450,2763,2526,3567
3451,2764,2527,3568
3452,2765,2528,3569
3453,2766,2529,3570
3454,2767,2530,3571
3455,2768,2531,3572
3456,2769,1706,3573
3457,2770,1210,780
3458,1210,1181,781
3459,1706,1182,1211
3460,870,1183,1212
3461,871,1184,2455
3462,346,1185,2459
3463,347,1186,2328
3464,349,3329,2330
3465,1211,3330,935
3466,1212,3331,2994
3467,3078,3332,2998
3468,3079,3333,796
3469,3080,3334,2703
3470,3081,3335,2705
3471,3082,3336,1252
3472,3083,3337,1254
3473,3084,1211,1024
3474,3085,1212,617
3475,3086,939,618
3476,3087,940,619
3477,3607,941,774
3478,3609,942,777
3479,939,2210,2737
3480,940,2216,2738
3481,941,2217,2739
3482,942,2298,2740
3483,935,2299,2741
3484,2555,2300,2742
3485,2556,2301,2743
3486,2557,2302,2744
3487,2558,2303,2745
3488,2559,2304,2746
3489,2560,2305,2747
3490,2561,2728,3627
3491,2562,2729,3628
3492,665,2730,3629
3493,666,2731,3630
3494,1023,2715,3631
3495,1028,417,3632
3496,1543,418,3633
3497,3341,419,1681
3498,3342,420,1682
3499,3343,421,1684
3500,3344,422,1685
3501,3345,423,1686
3502,3346,424,788
3503,3347,2342,789
3504,3348,1285,790
3505,3349,1392,797
3506,3350,1393,798
3507,1815,1394,799
3508,1816,1395,872
3509,1022,2716,1367
3510,3564,2343,1368
3511,3565,1286,1369
3512,3566,935,351
3513,3567,3078,1028
3514,3568,3079,1214
3515,3569,3080,2714
3516,3570,3081,2341
3517,3571,3082,1815
3518,3572,3083,1816
3519,3573,3084,1284
3520,1029,3085,989
3521,2783,3086,2615
3522,1292,3087,2616
3523,3303,346,2618
3524,3304,347,2620
3525,3305,349,2621
3526,3306,1815,2622
3527,3307,1816,2623
3528,3308,1214,1003
3529,3309,3564,1005
3530,3310,3565,2167
3531,3311,3566,2168
3532,3312,3567,2169
3533,4764,3568,2170
3534,4769,3569,2173
3535,4770,3570,2174
3536,4771,3571,2175
3537,4438,3572,2176
3538,4443,3573,2177
3539,4444,1196,2178
3540,4445,1197,2179
3541,1214,3032,1706
3542,2250,3033,2086
3543,2251,3034,2087
3544,2252,3035,2088
3545,2253,3036,2089
3546,2254,3037,2091
3547,2255,3038,2092
3548,2256,3039,2095
3549,2257,3040,1696
3550,2677,3041,1697
3551,5892,3042,1698
3552,5894,3043,1699
3553,5895,3044,1707
3554,5896,3045,1708
3555,5897,3046,1709
3556,5898,3047,1710
3557,5899,3048,1711
3558,5900,3049,1712
3559,5901,3050,1713
3560,5902,3051,1714
3561,5903,3052,1715
3562,5904,3053,1716
3563,5905,3054,1717
3564,5906,3303,1718
3565,5907,3304,1719
3566,5908,3305,1720
3567,5909,3306,1721
3568,5910,3307,1722
3569,5911,3308,1737
3570,5912,3309,1738
3571,5914,3310,1739
3572,5915,3311,1740
3573,5916,3312,13
3574,5917,1023,2403
3575,5918,2487,2404
3576,1817,2488,2405
3577,2710,2489,2406
3578,2337,2490,2407
3579,5978,2491,2408
3580,5979,2492,2409
3581,5980,2493,2410
3582,5981,2494,2411
3583,5982,2495,2412
3584,5983,2496,2413
3585,5984,2497,2414
3586,5985,2498,2415
3587,5986,2499,2416
3588,5987,2500,2725
3589,5988,2501,2352
3590,5989,2502,1308
3591,5990,2503,668
3592,5991,2504,1440
3593,1535,2505,4119
3594,1536,2506,4120
3595,1265,2507,2180
3596,1269,2508,2181
3597,1270,2509,2182
3598,1271,2555,2183
3599,1272,2556,2184
3600,1273,2557,2185
3601,1274,2558,2186
3602,1275,2559,2187
3603,1276,2560,2188
3604,1277,2561,2189
3605,1278,2562,2190
3606,2624,1440,2191
3607,2625,1367,2192
3608,2626,1368,599
3609,2627,1369,783
3610,2628,665,1030
3611,2629,666,1033
3612,1681,1817,3617
3613,1682,2737,3618
3614,1684,2738,3619
3615,1685,2739,3620
3616,1686,2740,3621
3617,2149,2741,3622
3618,2150,2742,3623
3619,2151,2743,3625
3620,2152,2744,778
3621,2153,2745,779
3622,2154,2746,4124
3623,2155,2747,4125
3624,2156,3341,4126
3625,2157,3342,4127
3626,2158,3343,4128
3627,1279,3344,4129
3628,1280,3345,4130
3629,1281,3346,4131
3630,1282,3347,4132
3631,1283,3348,4133
3632,2328,3349,4134
3633,2330,3350,4135
3634,1367,5892,4136
3635,1368,5894,4137
3636,1369,5895,4138
3637,2703,5896,5036
3638,2705,5897,5037
3639,1252,5898,5038
3640,1254,5899,5039
3641,3032,5900,5040
3642,3033,5901,5041
3643,3034,5902,5042
3644,3035,5903,5043
3645,3036,5904,5044
3646,3037,5905,5045
3647,3038,5906,5046
3648,3039,5907,5047
3649,3040,5908,5048
3650,3041,5909,5049
3651,3042,5910,5050
3652,3043,5911,5382
3653,3044,5912,5383
3654,3045,5914,5384
3655,3046,5915,5385
3656,3047,5916,5386
3657,3048,5917,5387
3658,3049,5918,5388
3659,3050,2783,5389
3660,3051,1066,5390
3661,3052,1067,5391
3662,3053,1068,5392
3663,3054,1069,5393
3664,3357,1070,5394
3665,3358,1071,5395
3666,3359,1072,5396
3667,3360,1073,2427
3668,3361,1074,2428
3669,2737,1075,2429
3670,2738,1076,2430
3671,2739,1077,2431
3672,2740,1078,2432
3673,2741,1079,2433
3674,2742,1080,2434
3675,2743,1081,2435
3676,2744,1082,2436
3677,2745,1083,2437
3678,2746,1084,2438
3679,2747,1085,2439
3680,1440,1086,2440
3681,351,1087,707
3682,2107,1088,708
3683,2108,1089,1817
3684,2109,1090,1198
3685,2110,1091,5892
3686,2111,1092,5894
3687,2112,1093,5895
3688,2113,1094,5896
3689,2114,1095,5897
3690,2116,1096,5898
3691,2117,4764,5899
3692,2118,4769,5900
3693,2119,4770,5901
3694,2120,4771,5902
3695,2121,4438,5903
3696,2122,4443,5904
3697,2123,4444,5905
3698,2124,4445,5906
3699,1196,1681,5907
3700,1197,1682,5908
3701,2167,1684,5909
3702,2168,1685,5910
3703,2169,1686,5911
3704,2170,2250,5912
3705,2173,2251,5914
3706,2174,2252,5915
3707,2175,2253,5916
3708,2176,2254,5917
3709,2177,2255,5918
3710,2178,2256,939
3711,2179,2257,940
3712,2725,2149,941
3713,2615,2150,942
3714,2616,2151,1565
3715,2618,2152,1543
3716,2620,2153,4794
3717,2621,2154,4795
3718,2622,2155,4796
3719,2623,2156,4797
3720,1696,2157,4798
3721,1697,2158,4800
3722,1698,4794,2732
3723,1699,4795,2359
3724,1707,4796,2650
3725,1708,4797,2651
3726,1709,4798,2652
3727,1710,4800,2653
3728,1711,2710,2654
3729,1712,2677,2655
3730,1713,2107,2656
3731,1714,2108,2657
3732,1715,2109,2658
3733,1716,2110,2659
3734,1717,2111,2660
3735,1718,2112,2661
3736,1719,2113,2662
3737,1720,2114,1402
3738,1721,2116,3059
3739,1722,2117,3060
3740,1737,2118,3061
3741,1738,2119,3062
3742,1739,2120,3063
3743,1740,2121,3064
3744,1227,2122,3067
3745,1228,2123,1495
3746,1229,2124,1496
3747,1230,2337,1497
3748,1231,1535,1498
3749,1232,1536,1500
3750,1233,1265,1501
3751,2403,2624,1504
3752,2404,2625,1288
3753,2405,2626,1289
3754,2406,2627,1290
3755,2407,2628,1340
3756,2408,2629,1341
3757,2409,2460,1854
3758,2410,2461,771
3759,2411,2462,1458
3760,2412,2463,2107
3761,2413,2464,2108
3762,2414,2465,2109
3763,2415,2466,2110
3764,2416,2467,2111
3765,2352,2468,2112
3766,1308,2469,2113
3767,1626,2470,2114
3768,1627,2471,2116
3769,1628,2472,2117
3770,1629,2473,2118
3771,1630,2474,2119
3772,1631,2475,2120
3773,1632,2476,2121
3774,1633,2477,2122
3775,1635,2478,2123
3776,1636,2479,2124
3777,1637,2480,5978
3778,1638,2481,5979
3779,2714,1626,5980
3780,1537,1627,5981
3781,1458,1628,5982
3782,2341,1629,5983
3783,1284,1630,5984
3784,1313,1631,5985
3785,1314,1632,5986
3786,1315,1633,5987
3787,1316,1635,5988
3788,1317,1636,5989
3789,1318,1637,5990
3790,1319,1638,5991
3791,1320,2167,1700
3792,1321,2168,1701
3793,1322,2169,1702
3794,1323,2170,1703
3795,2487,2173,1704
3796,2488,2174,1705
3797,2489,2175,1344
3798,2490,2176,1468
3799,2491,2177,2733
3800,2492,2178,2734
3801,2493,2179,2360
3802,2494,1537,2361
3803,2495,1458,1406
3804,2496,2328,1407
3805,2497,2330,2386
3806,2498,2999,2387
3807,2499,3000,2388
3808,2500,3001,2389
3809,2501,3002,2390
3810,2502,3003,2391
3811,2503,3004,2392
3812,2504,3005,2393
3813,2505,3006,2394
3814,2506,3007,2395
3815,2507,3008,2396
3816,2508,3009,2397
3817,2509,3010,2398
3818,4119,3011,2399
3819,4120,3012,2400
3820,1468,3013,2401
3821,5382,3014,2721
3822,5383,3015,2722
3823,5384,3016,2723
3824,5385,3017,2724
3825,5386,3018,2348
3826,5387,3019,2349
3827,5388,3020,2350
3828,5389,3022,2351
3829,5390,3023,1301
3830,5391,3024,1302
3831,5392,3025,1303
3832,5393,2703,1304
3833,5394,2705,1313
3834,5395,1313,1314
3835,5396,1314,1315
3836,5036,1315,1316
3837,5037,1316,1317
3838,5038,1317,1318
3839,5039,1318,1319
3840,5040,1319,1320
3841,5041,1320,1321
3842,5042,1321,1322
3843,5043,1322,1323
3844,5044,1323,800
3845,5045,1468,1445
3846,5046,1252,3197
3847,5047,1254,2364
3848,5048,1696,3489
3849,5049,1697,1798
3850,5050,1698,1799
3851,4124,1699,1800
3852,4125,1707,1801
3853,4126,1708,1802
3854,4127,1709,1803
3855,4128,1710,1804
3856,4129,1711,1805
3857,4130,1712,1806
3858,4131,1713,1807
3859,4132,1714,1808
3860,4133,1715,1809
3861,4134,1716,1810
3862,4135,1717,1811
3863,4136,1718,1812
3864,4137,1719,1813
3865,4138,1720,1814
3866,4794,1721,1626
3867,4795,1722,1627
3868,4796,1737,1628
3869,4797,1738,1629
3870,4798,1739,1630
3871,4800,1740,1631
3872,1066,3357,1632
3873,1067,3358,1633
3874,1068,3359,1635
3875,1069,3360,1636
3876,1070,3361,1637
3877,1071,1650,1638
3878,1072,1651,1687
3879,1073,1652,1689
3880,1074,1653,1690
3881,1075,1654,1691
3882,1076,1655,1692
3883,1077,1656,1693
3884,1078,5868,1694
3885,1079,5869,1695
3886,1080,5870,1537
3887,1081,5871,2569
3888,1082,5872,2570
3889,1083,5873,2571
3890,1084,5874,2572
3891,1085,5876,2573
3892,1086,5878,2574
3893,1087,5879,2575
3894,1088,5880,2576
3895,1089,5881,2577
3896,1090,5882,2578
3897,1091,5883,2579
3898,1092,5884,2580
3899,1093,5885,2581
3900,1094,5886,2582
3901,1095,5887,2583
3902,1096,5888,2584
3903,2180,5889,2585
3904,2181,5890,1029
3905,2182,5891,870
3906,2183,351,871
3907,2184,1798,1292
3908,2185,1799,1300
3909,2186,1800,1766
3910,2187,1801,1767
3911,2188,1802,1768
3912,2189,1803,1769
3913,2190,1804,1770
3914,2191,1805,1771
3915,2192,1806,1590
3916,13,1807,1591
3917,1798,1808,1650
3918,1799,1809,1651
3919,1800,1810,1652
3920,1801,1811,1653
3921,1802,1812,1654
3922,1803,1813,1655
3923,1804,1814,1656
3924,1805,2180,690
3925,1806,2181,691
3926,1807,2182,692
3927,1808,2183,693
3928,1809,2184,694
3929,1810,2185,695
3930,1811,2186,696
3931,1812,2187,697
3932,1813,2188,698
3933,1814,2189,699
3934,1650,2190,700
3935,1651,2191,701
3936,1652,2192,702
3937,1653,2725,703
3938,1654,2615,704
3939,1655,2616,705
3940,1656,2618,706
3941,2427,2620,1279
3942,2428,2621,1280
3943,2429,2622,1281
3944,2430,2623,1282
3945,2431,223,1283
3946,2432,342,1312
3947,2433,343,1022
3948,2434,2403,4972
3949,2435,2404,4973
3950,2436,2405,4974
3951,2437,2406,4975
3952,2438,2407,4976
3953,2439,2408,4977
3954,2440,2409,4978
3955,1565,2410,4979
3956,2650,2411,4980
3957,2651,2412,4981
3958,2652,2413,4982
3959,2653,2414,4983
3960,2654,2415,4984
3961,2655,2416,4985
3962,2656,2352,4986
3963,2657,1308,4987
3964,2658,2714,4988
3965,2659,1750,4989
3966,2660,1751,4990
3967,2661,1752,4991
3968,2662,1753,4992
3969,223,1754,4993
3970,342,1755,4994
3971,343,1756,4995
3972,1340,1757,4996
3973,1766,1758,4997
3974,1767,1759,4998
3975,1768,2341,4999
3976,1769,1766,5000
3977,1770,1767,1791
3978,1771,1768,1792
3979,1300,1769,1793
3980,2732,1770,1794
3981,2999,1771,1795
3982,3000,1284,1796
3983,3001,4119,1797
3984,3002,4120,632
3985,3003,5382,633
3986,3004,5383,634
3987,3005,5384,635
3988,3006,5385,636
3989,3007,5386,637
3990,3008,5387,2630
3991,3009,5388,2631
3992,3010,5389,2632
3993,3011,5390,2633
3994,3012,5391,2634
3995,3013,5392,2635
3996,3014,5393,2636
3997,3015,5394,2637
3998,3016,5395,2639
3999,3017,5396,2640
4000,3018,5036,2641
4001,3019,5037,2642
4002,3020,5038,1311
4003,3022,5039,1305
4004,3023,5040,1306
4005,3024,5041,1307
4006,3025,5042,1227
4007,1341,5043,1228
4008,1344,5044,1229
4009,1700,5045,1230
4010,1701,5046,1231
4011,1702,5047,1232
4012,1703,5048,1233
4013,1704,5049,223
4014,1705,5050,342
4015,1750,4124,343
4016,1751,4125,1196
4017,1752,4126,1197
4018,1753,4127,1170
4019,1754,4128,1171
4020,1755,4129,1172
4021,1756,4130,1173
4022,1757,4131,1174
4023,1758,4132,1175
4024,1759,4133,1176
4025,2359,4134,679
4026,707,4135,680
4027,708,4136,681
4028,1402,4137,682
4029,1791,4138,683
4030,1792,1300,684
4031,1793,1340,685
4032,1794,1219,2643
4033,1795,1220,2644
4034,1796,1344,2645
4035,1797,13,2646
4036,2460,1341,2647
4037,2461,1565,2648
4038,2462,2650,2649
4039,2463,2651,2487
4040,2464,2652,2488
4041,2465,2653,2489
4042,2466,2654,2490
4043,2467,2655,2491
4044,2468,2656,2492
4045,2469,2657,2493
4046,2470,2658,2494
4047,2471,2659,2495
4048,2472,2660,2496
4049,2473,2661,2497
4050,2474,2662,2498
4051,2475,1791,2499
4052,2476,1792,2500
4053,2477,1793,2501
4054,2478,1794,2502
4055,2479,1795,2503
4056,2480,1796,2504
4057,2481,1797,2505
4058,1445,2427,2506
4059,2721,2428,2507
4060,2722,2429,2508
4061,2723,2430,2509
4062,2724,2431,1750
4063,2733,2432,1751
4064,2734,2433,1752
4065,2386,2434,1753
4066,2387,2435,1754
4067,2388,2436,1755
4068,2389,2437,1756
4069,2390,2438,1757
4070,2391,2439,1758
4071,2392,2440,1759
4072,2393,1700,3607
4073,2394,1701,3609
4074,2395,1702,3032
4075,2396,1703,3033
4076,2397,1704,3034
4077,2398,1705,3035
4078,2399,1445,3036
4079,2400,1305,3037
4080,2401,1306,3038
4081,2348,1307,3039
4082,2349,2732,3040
4083,2350,1098,3041
4084,2351,1099,3042
4085,1301,1097,3043
4086,1302,2359,3044
4087,1303,1402,3045
4088,1304,1225,3046
4089,1854,1226,3047
4090,333,707,3048
4091,1305,708,3049
4092,1306,2721,3050
4093,1307,2722,3051
4094,2360,2723,3052
4095,2361,2724,3053
4096,1406,1312,3054
4097,1407,2386,3279
4098,771,2387,3280
4099,5868,2388,3281
4100,5869,2389,3282
4101,5870,2390,3283
4102,5871,2391,3284
4103,5872,2392,3285
4104,5873,2393,3286
4105,5874,2394,3287
4106,5876,2395,3288
4107,5878,2396,3289
4108,5879,2397,3290
4109,5880,2398,3291
4110,5881,2399,3292
4111,5882,2400,3293
4112,5883,2401,3294
4113,5884,2733,3295
4114,5885,2734,3296
4115,5886,1590,3297
4116,5887,1591,3298
4117,5888,2348,3813
4118,5889,2349,3814
4119,5890,2350,3815
4120,5891,2351,3816
4121,1687,1301,3817
4122,1689,1302,3818
4123,1690,1303,3819
4124,1691,1304,3820
4125,1692,1311,3821
4126,1693,1854,3822
4127,1694,1687,3823
4128,1695,1689,3824
4129,1312,1690,3825
4130,3489,1691,3826
4131,3197,1692,3827
4132,2364,1693,3828
4133,1219,1694,3829
4134,1220,1695,3830
4135,2569,2360,3831
4136,2570,2361,3832
4137,2571,1772,4463
4138,2572,1773,4464
4139,2573,1774,4465
4140,2574,1775,4466
4141,2575,1776,4467
4142,2576,1777,4468
4143,2577,1778,4469
4144,2578,1779,4470
4145,2579,1780,4471
4146,2580,1781,4472
4147,2581,1406,4473
4148,2582,1407,4474
4149,2583,1366,4475
4150,2584,771,4476
4151,2585,3489,4477
4152,1772,3197,4478
4153,1773,2364,4479
4154,1774,1639,4480
4155,1775,1648,4481
4156,1776,1649,4482
4157,1777,1782,1269
4158,1778,1783,1270
4159,1779,1784,1271
4160,1780,1785,1272
4161,1781,1786,1273
4162,1590,1787,1274
4163,1591,1788,1275
4164,1097,1346,1276
4165,1311,1347,1277
4166,5913,1348,1278
4167,5919,1349,1772
4168,1098,1350,1773
4169,1099,1351,1774
4170,1782,1352,1775
4171,1783,1353,1776
4172,1784,1354,1777
4173,1785,1355,1778
4174,1786,1356,1779
4175,1787,1357,1780
4176,1788,1358,1781
4177,1639,1359,1592
4178,1648,1360,1593
4179,1649,1361,1594
4180,1225,2569,1595
4181,1226,2570,1596
4182,690,2571,1597
4183,691,2572,1598
4184,692,2573,1599
4185,693,2574,1600
4186,694,2575,1601
4187,695,2576,1097
4188,696,2577,1534
4189,697,2578,494
4190,698,2579,495
4191,699,2580,497
4192,700,2581,1219
4193,701,2582,1220
4194,702,2583,1782
4195,703,2584,1783
4196,704,2585,1784
4197,705,5913,1785
4198,706,5919,1786
4199,1446,1446,1787
4200,1447,1447,1788
4201,1448,1448,2718
4202,1449,1449,2719
4203,1450,1450,2720
4204,1451,1451,5868
4205,1452,1452,5869
4206,1453,1453,5870
4207,1454,1454,5871
4208,1455,1455,5872
4209,1456,1456,5873
4210,2630,690,5874
4211,2631,691,5876
4212,2632,692,5878
4213,2633,693,5879
4214,2634,694,5880
4215,2635,695,5881
4216,2636,696,5882
4217,2637,697,5883
4218,2639,698,5884
4219,2640,699,5885
4220,2641,700,5886
4221,2642,701,5887
4222,632,702,5888
4223,633,703,5889
4224,634,704,5890
4225,635,705,5891
4226,636,706,2345
4227,637,900,2346
4228,4463,901,2347
4229,4464,902,1297
4230,4465,903,1298
4231,4466,904,1299
4232,4467,905,638
4233,4468,906,639
4234,4469,907,640
4235,4470,908,641
4236,4471,909,642
4237,4472,910,643
4238,4473,911,644
4239,4474,912,645
4240,4475,913,646
4241,4476,914,647
4242,4477,915,2460
4243,4478,916,2461
4244,4479,917,2462
4245,4480,919,2463
4246,4481,921,2464
4247,4482,922,2465
4248,3813,924,2466
4249,3814,925,2467
4250,3815,926,2468
4251,3816,927,2469
4252,3817,928,2470
4253,3818,929,2471
4254,3819,930,2472
4255,3820,932,2473
4256,3821,933,2474
4257,3822,934,2475
4258,3823,1723,2476
4259,3824,1724,2477
4260,3825,1725,2478
4261,3826,1726,2479
4262,3827,1727,2480
4263,3828,1728,2481
4264,3829,1729,1098
4265,3830,1730,1099
4266,3831,1731,1066
4267,3832,1732,1067
4268,3279,1733,1068
4269,3280,1734,1069
4270,3281,1735,1070
4271,3282,1736,1071
4272,3283,1741,1072
4273,3284,1742,1073
4274,3285,1743,1074
4275,3286,1744,1075
4276,3287,1745,1076
4277,3288,1746,1077
4278,3289,1747,1078
4279,3290,1748,1079
4280,3291,1749,1080
4281,3292,2630,1081
4282,3293,2631,1082
4283,3294,2632,1083
4284,3295,2633,1084
4285,3296,2634,1085
4286,3297,2635,1086
4287,3298,2636,1087
4288,1170,2637,1088
4289,1171,2639,1089
4290,1172,2640,1090
4291,1173,2641,1091
4292,1174,2642,1092
4293,1175,632,1093
4294,1176,633,1094
4295,2643,634,1095
4296,2644,635,1096
4297,2645,636,5913
4298,2646,637,5919
4299,2647,1324,1446
4300,2648,1325,1447
4301,2649,1326,1448
4302,679,1327,1449
4303,680,1328,1450
4304,681,1329,1451
4305,682,1330,1452
4306,683,1331,1453
4307,684,1332,1454
4308,685,1333,1455
4309,1366,1334,1456
4310,1592,1335,1639
4311,1593,1336,1648
4312,1594,1337,1649
4313,1595,1338,658
4314,1596,1339,659
4315,1597,1592,660
4316,1598,1593,661
4317,1599,1594,662
4318,1600,1595,663
4319,1601,1596,664
4320,2718,1597,1619
4321,2719,1598,345
4322,2720,1599,352
4323,1534,1600,353
4324,2345,1601,354
4325,2346,4463,355
4326,2347,4464,1225
4327,1297,4465,1226
4328,1298,4466,2999
4329,1299,4467,3000
4330,1324,4468,3001
4331,1325,4469,3002
4332,1326,4470,3003
4333,1327,4471,3004
4334,1328,4472,3005
4335,1329,4473,3006
4336,1330,4474,3007
4337,1331,4475,3008
4338,1332,4476,3009
4339,1333,4477,3010
4340,1334,4478,3011
4341,1335,4479,3012
4342,1336,4480,3013
4343,1337,4481,3014
4344,1338,4482,3015
4345,1339,3813,3016
4346,900,3814,3017
4347,901,3815,3018
4348,902,3816,3019
4349,903,3817,3020
4350,904,3818,3022
4351,905,3819,3023
4352,906,3820,3024
4353,907,3821,3025
4354,908,3822,94
4355,909,3823,95
4356,910,3824,96
4357,911,3825,97
4358,912,3826,98
4359,913,3827,99
4360,914,3828,100
4361,915,3829,101
4362,916,3830,103
4363,917,3831,104
4364,919,3832,105
4365,921,3279,4
4366,922,3280,5
4367,924,3281,6
4368,925,3282,11
4369,926,3283,22
4370,927,3284,25
4371,928,3285,1324
4372,929,3286,1325
4373,930,3287,1326
4374,932,3288,1327
4375,933,3289,1328
4376,934,3290,1329
4377,1723,3291,1330
4378,1724,3292,1331
4379,1725,3293,1332
4380,1726,3294,1333
4381,1727,3295,1334
4382,1728,3296,1335
4383,1729,3297,1336
4384,1730,3298,1337
4385,1731,1170,1338
4386,1732,1171,1339
4387,1733,1172,1545
4388,1734,1173,1546
4389,1735,1174,1547
4390,1736,1175,1548
4391,1741,1176,1549
4392,1742,2643,1550
4393,1743,2644,1366
4394,1744,2645,1159
4395,1745,2646,1168
4396,1746,2647,1169
4397,1747,2648,380
4398,1748,2649,381
4399,1749,679,1544
4400,345,680,1346
4401,352,681,1347
4402,353,682,1348
4403,354,683,1349
4404,355,684,1350
4405,494,685,1351
4406,495,2718,1352
4407,497,2719,1353
4408,1346,2720,1354
4409,1347,1534,1355
4410,1348,2345,1356
4411,1349,2346,1357
4412,1350,2347,1358
4413,1351,1297,1359
4414,1352,1298,1360
4415,1353,1299,1361
4416,1354,345,1723
4417,1355,352,1724
4418,1356,353,1725
4419,1357,354,1726
4420,1358,355,1727
4421,1359,494,1728
4422,1360,495,1729
4423,1361,497,1730
4424,638,711,1731
4425,639,713,1732
4426,640,714,1733
4427,641,715,1734
4428,642,716,1735
4429,643,717,1736
4430,644,718,1741
4431,645,719,1742
4432,646,720,1743
4433,647,721,1744
4434,1545,723,1745
4435,1546,725,1746
4436,1547,726,1747
4437,1548,727,1748
4438,1549,728,1749
4439,1550,729,5958
4440,1619,730,5959
4441,658,731,5960
4442,659,732,5961
4443,660,733,5962
4444,661,734,5963
4445,662,735,5964
4446,663,736,5965
4447,664,737,5966
4448,94,738,5967
4449,95,739,3665
4450,96,740,3666
4451,97,741,3667
4452,98,742,3668
4453,99,743,3669
4454,100,744,3670
4455,101,746,3671
4456,103,747,3672
4457,104,748,3673
4458,105,749,3674
4459,4,750,3675
4460,5,752,3676
4461,6,753,3677
4462,11,754,3678
4463,22,1545,3679
4464,25,1546,3680
4465,1159,1547,3681
4466,1168,1548,3682
4467,1169,1549,3683
4468,5958,1550,3684
4469,5959,638,3685
4470,5960,639,3686
4471,5961,640,3687
4472,5962,641,3688
4473,5963,642,3689
4474,5964,643,3690
4475,5965,644,3691
4476,5966,645,3692
4477,5967,646,3693
4478,1544,647,3694
4479,711,1619,3695
4480,713,658,3696
4481,714,659,3697
4482,715,660,3698
4483,716,661,3699
4484,717,662,900
4485,718,663,901
4486,719,664,902
4487,720,5958,903
4488,721,5959,904
4489,723,5960,905
4490,725,5961,906
4491,726,5962,907
4492,727,5963,908
4493,728,5964,909
4494,729,5965,910
4495,730,5966,911
4496,731,5967,912
4497,732,94,913
4498,733,95,914
4499,734,96,915
4500,735,97,916
4501,736,98,917
4502,737,99,919
4503,738,100,921
4504,739,101,922
4505,740,103,924
4506,741,104,925
4507,742,105,926
4508,743,4871,927
4509,744,4872,928
4510,746,4873,929
4511,747,4874,930
4512,748,4875,932
4513,749,4876,933
4514,750,4877,934
4515,752,4878,1566
4516,753,4879,1567
4517,754,4880,1568
4518,380,4881,1569
4519,381,4882,1570
4520,3665,4883,1571
4521,3666,4884,1572
4522,3667,4885,1573
4523,3668,4886,1574
4524,3669,4887,1575
4525,3670,4888,1576
4526,3671,4889,1577
4527,3672,4890,1578
4528,3673,4891,1579
4529,3674,4892,1580
4530,3675,4893,1581
4531,3676,4894,1582
4532,3677,4895,1583
4533,3678,4896,1584
4534,3679,4897,1585
4535,3680,4898,1586
4536,3681,4899,1587
4537,3682,4900,1588
4538,3683,4901,711
4539,3684,4902,713
4540,3685,4903,714
4541,3686,4904,715
4542,3687,4905,716
4543,3688,4906,717
4544,3689,4907,718
4545,3690,4908,719
4546,3691,4909,720
4547,3692,4910,721
4548,3693,4911,723
4549,3694,4912,725
4550,3695,4913,726
4551,3696,4914,727
4552,3697,4915,728
4553,3698,4916,729
4554,3699,4917,730
4555,4871,4918,731
4556,4872,4919,732
4557,4873,4920,733
4558,4874,4921,734
4559,4875,4922,735
4560,4876,4923,736
4561,4877,1159,737
4562,4878,1168,738
4563,4879,1169,739
4564,4880,3665,740
4565,4881,3666,741
4566,4882,3667,742
4567,4883,3668,743
4568,4884,3669,744
4569,4885,3670,746
4570,4886,3671,747
4571,4887,3672,748
4572,4888,3673,749
4573,4889,3674,750
4574,4890,3675,752
4575,4891,3676,753
4576,4892,3677,754
4577,4893,3678,4871
4578,4894,3679,4872
4579,4895,3680,4873
4580,4896,3681,4874
4581,4897,3682,4875
4582,4898,3683,4876
4583,4899,3684,4877
4584,4900,3685,4878
4585,4901,3686,4879
4586,4902,3687,4880
4587,4903,3688,4881
4588,4904,3689,4882
4589,4905,3690,4883
4590,4906,3691,4884
4591,4907,3692,4885
4592,4908,3693,4886
4593,4909,3694,4887
4594,4910,3695,4888
4595,4911,3696,4889
4596,4912,3697,4890
4597,4913,3698,4891
4598,4914,3699,4892
4599,4915,4,4893
4600,4916,5,4894
4601,4917,6,4895
4602,4918,11,4896
4603,4919,22,4897
4604,4920,25,4898
4605,4921,1544,4899
4606,4922,380,4900
4607,4923,381,4901
4608,1566,1566,4902
4609,1567,1567,4903
4610,1568,1568,4904
4611,1569,1569,4905
4612,1570,1570,4906
4613,1571,1571,4907
4614,1572,1572,4908
4615,1573,1573,4909
4616,1574,1574,4910
4617,1575,1575,4911
4618,1576,1576,4912
4619,1577,1577,4913
4620,1578,1578,4914
4621,1579,1579,4915
4622,1580,1580,4916
4623,1581,1581,4917
4624,1582,1582,4918
4625,1583,1583,4919
4626,1584,1584,4920
4627,1585,1585,4921
4628,1586,1586,4922
4629,1587,1587,4923
4630,1588,1588,2310
4631,3521,3521,2311
4632,3523,3523,2312
4633,3524,3524,2313
4634,3525,3525,2314
4635,3526,3526,2315
4636,3527,3527,2316
4637,3528,3528,2317
4638,3529,3529,2318
4639,3530,3530,2319
4640,3531,3531,2320
4641,3533,3533,2321
4642,3535,3535,2322
4643,3536,3536,2323
4644,3537,3537,2324
4645,3538,3538,2325
4646,3539,3539,2326
4647,3540,3540,2327
4648,3541,3541,2329
4649,3542,3542,2331
4650,3543,3543,2332
4651,3544,3544,2333
4652,3545,3545,2334
4653,3546,3546,2335
4654,3547,3547,2336
4655,3548,3548,2338
4656,3549,3549,2339
4657,3550,3550,2340
4658,3551,3551,2685
4659,3552,3552,2686
4660,3553,3553,2687
4661,3554,3554,2688
4662,3556,3556,2689
4663,3557,3557,2690
4664,3558,3558,2691
4665,3559,3559,2692
4666,3560,3560,2693
4667,3561,3561,2694
4668,3562,3562,2695
4669,3563,3563,2696
4670,2310,2310,2697
4671,2311,2311,2698
4672,2312,2312,2699
4673,2313,2313,2700
4674,2314,2314,2701
4675,2315,2315,2702
4676,2316,2316,2704
4677,2317,2317,2706
4678,2318,2318,2707
4679,2319,2319,2708
4680,2320,2320,2709
4681,2321,2321,2711
4682,2322,2322,2712
4683,2323,2323,2713
4684,2324,2324,1234
4685,2325,2325,1235
4686,2326,2326,1236
4687,2327,2327,1237
4688,2329,2329,1238
4689,2331,2331,1239
4690,2332,2332,1240
4691,2333,2333,1241
4692,2334,2334,1242
4693,2335,2335,1243
4694,2336,2336,1244
4695,2338,2338,1245
4696,2339,2339,1246
4697,2340,2340,1247
4698,2685,2685,1248
4699,2686,2686,1249
4700,2687,2687,1250
4701,2688,2688,1251
4702,2689,2689,1253
4703,2690,2690,1255
4704,2691,2691,1256
4705,2692,2692,1257
4706,2693,2693,1258
4707,2694,2694,1259
4708,2695,2695,1260
4709,2696,2696,1261
4710,2697,2697,1262
4711,2698,2698,1263
4712,2699,2699,1264
4713,2700,2700,1266
4714,2701,2701,1267
4715,2702,2702,1268
4716,2704,2704,3521
4717,2706,2706,3523
4718,2707,2707,3524
4719,2708,2708,3525
4720,2709,2709,3526
4721,2711,2711,3527
4722,2712,2712,3528
4723,2713,2713,3529
4724,1234,1234,3530
4725,1235,1235,3531
4726,1236,1236,3533
4727,1237,1237,3535
4728,1238,1238,3536
4729,1239,1239,3537
4730,1240,1240,3538
4731,1241,1241,3539
4732,1242,1242,3540
4733,1243,1243,3541
4734,1244,1244,3542
4735,1245,1245,3543
4736,1246,1246,3544
4737,1247,1247,3545
4738,1248,1248,3546
4739,1249,1249,3547
4740,1250,1250,3548
4741,1251,1251,3549
4742,1253,1253,3550
4743,1255,1255,3551
4744,1256,1256,3552
4745,1257,1257,3553
4746,1258,1258,3554
4747,1259,1259,3556
4748,1260,1260,3557
4749,1261,1261,3558
4750,1262,1262,3559
4751,1263,1263,3560
4752,1264,1264,3561
4753,1266,1266,3562
4754,1267,1267,3563
4755,1268,1268,4160
4756,4486,2799,4161
4757,4487,2800,4162
4758,4488,2801,4163
4759,4489,2802,4164
4760,4490,2803,4165
4761,4491,2804,4166
4762,4492,2805,4167
4763,4493,2806,4168
4764,4494,2807,4169
4765,4495,2808,4170
4766,4496,2809,4171
4767,4497,2810,4172
4768,4498,2811,4173
4769,4499,2812,4174
4770,4500,2813,4175
4771,4501,2814,4176
4772,4502,2815,4177
4773,4503,2816,4178
4774,4504,2817,4179
4775,4505,2818,4180
4776,4506,2819,4181
4777,4507,2820,4182
4778,4508,2821,4183
4779,4509,2822,4184
4780,4510,2823,4185
4781,4511,2824,4186
4782,4512,2825,4187
4783,4513,2826,4188
4784,4514,2827,4189
4785,4515,2828,4190
4786,4516,2829,4191
4787,4517,2830,4192
4788,4518,2831,4193
4789,4519,2832,4194
4790,4520,2833,4195
4791,4521,2834,4196
4792,4522,2835,4197
4793,4523,2836,4198
4794,4524,2837,4199
4795,4525,2838,4200
4796,4526,2839,4201
4797,4527,2840,4202
4798,4528,2841,4203
4799,4529,2842,4204
4800,4530,2843,4205
4801,4531,2844,4206
4802,4532,2845,4207
4803,4533,2846,4486
4804,4160,2847,4487
4805,4161,2848,4488
4806,4162,2849,4489
4807,4163,2850,4490
4808,4164,2851,4491
4809,4165,2852,4492
4810,4166,2853,4493
4811,4167,2854,4494
4812,4168,2855,4495
4813,4169,2856,4496
4814,4170,2857,4497
4815,4171,2858,4498
4816,4172,2859,4499
4817,4173,2860,4500
4818,4174,2861,4501
4819,4175,2862,4502
4820,4176,2863,4503
4821,4177,2864,4504
4822,4178,2865,4505
4823,4179,2866,4506
4824,4180,2867,4507
4825,4181,2868,4508
4826,4182,2869,4509
4827,4183,2870,4510
4828,4184,2871,4511
4829,4185,2872,4512
4830,4186,2873,4513
4831,4187,2874,4514
4832,4188,2875,4515
4833,4189,2876,4516
4834,4190,2877,4517
4835,4191,2878,4518
4836,4192,2879,4519
4837,4193,2880,4520
4838,4194,2881,4521
4839,4195,2882,4522
4840,4196,2883,4523
4841,4197,2884,4524
4842,4198,2885,4525
4843,4199,2886,4526
4844,4200,2887,4527
4845,4201,2888,4528
4846,4202,2889,4529
4847,4203,2890,4530
4848,4204,2891,4531
4849,4205,2892,4532
4850,4206,2893,4533
4851,4207,2894,333
4852,3365,2895,4208
4853,3366,2896,4209
4854,3367,2897,4210
4855,3368,2898,4211
4856,3369,2899,4212
4857,3370,2900,4213
4858,3371,2901,4214
4859,3372,2902,4215
4860,3373,2903,4216
4861,3374,2904,4217
4862,3375,2905,4218
4863,3376,2906,4219
4864,3377,2907,4220
4865,3378,2908,4221
4866,3379,2909,4222
4867,3380,2910,4223
4868,3381,2911,4224
4869,3382,2912,4225
4870,3383,2913,4226
4871,3384,2914,4227
4872,3385,2915,4228
4873,3386,2916,4229
4874,3387,2917,4230
4875,3388,2918,4231
4876,3389,2919,4232
4877,3390,2920,4233
4878,3391,2921,4234
4879,3393,2922,4235
4880,3394,2923,4236
4881,3395,2924,4237
4882,3396,2925,4238
4883,3397,2926,4239
4884,3398,2927,4240
4885,3399,2928,4241
4886,3401,2929,4242
4887,3402,2930,4243
4888,3403,2931,4244
4889,3404,2932,4245
4890,3405,2933,4246
4891,3406,2934,4247
4892,3407,2935,4248
4893,3408,2936,4249
4894,3409,2937,4250
4895,3410,2938,4251
4896,3411,2939,4252
4897,3412,2940,4253
4898,3413,2941,4254
4899,3414,2942,4255
4900,3415,2943,4256
4901,3416,2944,4257
4902,3417,2945,4258
4903,3418,2946,4259
4904,3419,2947,4260
4905,3420,2948,4261
4906,3421,2949,4262
4907,3422,2950,4263
4908,3423,2951,4534
4909,3424,2952,4535
4910,3425,2953,4536
4911,3426,2954,4537
4912,3427,2955,4538
4913,3428,2956,4539
4914,3429,2957,4540
4915,3430,2958,4541
4916,3431,2959,4542
4917,3432,2960,4543
4918,3433,2961,4544
4919,3434,2962,4545
4920,3435,2963,4546
4921,3436,2964,4547
4922,3437,2965,4548
4923,3438,2966,4549
4924,3439,2967,4550
4925,3440,2968,4551
4926,3441,2969,4552
4927,3442,2970,4553
4928,3443,2971,4554
4929,3444,2972,4555
4930,3445,2973,4556
4931,3446,2974,4557
4932,3447,2975,4558
4933,3448,2976,4559
4934,3449,2977,4560
4935,3450,2978,4561
4936,3451,2979,4562
4937,3452,2980,4563
4938,3453,2981,4564
4939,3454,2982,4565
4940,3455,3365,4566
4941,3456,3366,4567
4942,3457,3367,4568
4943,3458,3368,4569
4944,3459,3369,4570
4945,3460,3370,4571
4946,3461,3371,4572
4947,3462,3372,4573
4948,3463,3373,4574
4949,3464,3374,4575
4950,3465,3375,4576
4951,3466,3376,4577
4952,3467,3377,4578
4953,3468,3378,4579
4954,3469,3379,4580
4955,3470,3380,4581
4956,2799,3381,4582
4957,2800,3382,4583
4958,2801,3383,4584
4959,2802,3384,4585
4960,2803,3385,4586
4961,2804,3386,4587
4962,2805,3387,4588
4963,2806,3388,4589
4964,2807,3389,4264
4965,2808,3390,4265
4966,2809,3391,4266
4967,2810,3393,4267
4968,2811,3394,4268
4969,2812,3395,4269
4970,2813,3396,4270
4971,2814,3397,4271
4972,2815,3398,4272
4973,2816,3399,4273
4974,2817,3401,4274
4975,2818,3402,4275
4976,2819,3403,4276
4977,2820,3404,4277
4978,2821,3405,4278
4979,2822,3406,4279
4980,2823,3407,4280
4981,2824,3408,4281
4982,2825,3409,4282
4983,2826,3410,4283
4984,2827,3411,4284
4985,2828,3412,4285
4986,2829,3413,4286
4987,2830,3414,4287
4988,2831,3415,4288
4989,2832,3416,4289
4990,2833,3417,4290
4991,2834,3418,4291
4992,2835,3419,4292
4993,2836,3420,4293
4994,2837,3421,4294
4995,2838,3422,4295
4996,2839,3423,4296
4997,2840,3424,4297
4998,2841,3425,4298
4999,2842,3426,4299
5000,2843,3427,4300
5001,2844,3428,4301
5002,2845,3429,4302
5003,2846,3430,4303
5004,2847,3431,4304
5005,2848,3432,4305
5006,2849,3433,4306
5007,2850,3434,4307
5008,2851,3435,4308
5009,2852,3436,4309
5010,2853,3437,4310
5011,2854,3438,4311
5012,2855,3439,4312
5013,2856,3440,4313
5014,2857,3441,4314
5015,2858,3442,4315
5016,2859,3443,4316
5017,2860,3444,4317
5018,2861,3445,4318
5019,2862,3446,4319
5020,2863,3447,4320
5021,2864,3448,4321
5022,2865,3449,4322
5023,2866,3450,4323
5024,2867,3451,4324
5025,2868,3452,4325
5026,2869,3453,4326
5027,2870,3454,4327
5028,2871,3455,4328
5029,2872,3456,4329
5030,2873,3457,4330
5031,2874,3458,4331
5032,2875,3459,4332
5033,2876,3460,4333
5034,2877,3461,4334
5035,2878,3462,4335
5036,2879,3463,4336
5037,2880,3464,4337
5038,2881,3465,4338
5039,2882,3466,4339
5040,2883,3467,4340
5041,2884,3468,4341
5042,2885,3469,4342
5043,2886,3470,4343
5044,2887,4486,4344
5045,2888,4487,4345
5046,2889,4488,4346
5047,2890,4489,4347
5048,2891,4490,4348
5049,2892,4491,4349
5050,2893,4492,4350
5051,2894,4493,4351
5052,2895,4494,4352
5053,2896,4495,4353
5054,2897,4496,4354
5055,2898,4497,4355
5056,2899,4498,4356
5057,2900,4499,4357
5058,2901,4500,4358
5059,2902,4501,4359
5060,2903,4502,4360
5061,2904,4503,4361
5062,2905,4504,4362
5063,2906,4505,4363
5064,2907,4506,4364
5065,2908,4507,4365
5066,2909,4508,4366
5067,2910,4509,4367
5068,2911,4510,4368
5069,2912,4511,4369
5070,2913,4512,4370
5071,2914,4513,4371
5072,2915,4514,4372
5073,2916,4515,4373
5074,2917,4516,4374
5075,2918,4517,4375
5076,2919,4518,4376
5077,2920,4519,4377
5078,2921,4520,4590
5079,2922,4521,4591
5080,2923,4522,4592
5081,2924,4523,4593
5082,2925,4524,4594
5083,2926,4525,4595
5084,2927,4526,4596
5085,2928,4527,4597
5086,2929,4528,4598
5087,2930,4529,4599
5088,2931,4530,4600
5089,2932,4531,4601
5090,2933,4532,4602
5091,2934,4533,4603
5092,2935,4160,4604
5093,2936,4161,4605
5094,2937,4162,4606
5095,2938,4163,4607
5096,2939,4164,4608
5097,2940,4165,4609
5098,2941,4166,4610
5099,2942,4167,4611
5100,2943,4168,4612
5101,2944,4169,4613
5102,2945,4170,4614
5103,2946,4171,4615
5104,2947,4172,4616
5105,2948,4173,4617
5106,2949,4174,4618
5107,2950,4175,4619
5108,2951,4176,4620
5109,2952,4177,4621
5110,2953,4178,4622
5111,2954,4179,4623
5112,2955,4180,4624
5113,2956,4181,4625
5114,2957,4182,4626
5115,2958,4183,4627
5116,2959,4184,4628
5117,2960,4185,4629
5118,2961,4186,4630
5119,2962,4187,4631
5120,2963,4188,4632
5121,2964,4189,4633
5122,2965,4190,4634
5123,2966,4191,4635
5124,2967,4192,4636
5125,2968,4193,4637
5126,2969,4194,4638
5127,2970,4195,4639
5128,2971,4196,4640
5129,2972,4197,4641
5130,2973,4198,4642
5131,2974,4199,4643
5132,2975,4200,4644
5133,2976,4201,4645
5134,2977,4202,4646
5135,2978,4203,4647
5136,2979,4204,4648
5137,2980,4205,4649
5138,2981,4206,4650
5139,2982,4207,4651
5140,4534,4534,4652
5141,4535,4535,4653
5142,4536,4536,4654
5143,4537,4537,4655
5144,4538,4538,4656
5145,4539,4539,4657
5146,4540,4540,4658
5147,4541,4541,4659
5148,4542,4542,4660
5149,4543,4543,4661
5150,4544,4544,4662
5151,4545,4545,4663
5152,4546,4546,4664
5153,4547,4547,4665
5154,4548,4548,4666
5155,4549,4549,4667
5156,4550,4550,4668
5157,4551,4551,4669
5158,4552,4552,4670
5159,4553,4553,4671
5160,4554,4554,4672
5161,4555,4555,4673
5162,4556,4556,4674
5163,4557,4557,4675
5164,4558,4558,4676
5165,4559,4559,4677
5166,4560,4560,4678
5167,4561,4561,4679
5168,4562,4562,4680
5169,4563,4563,4681
5170,4564,4564,4682
5171,4565,4565,4683
5172,4566,4566,4684
5173,4567,4567,4685
5174,4568,4568,4686
5175,4569,4569,4687
5176,4570,4570,4688
5177,4571,4571,4689
5178,4572,4572,4690
5179,4573,4573,4691
5180,4574,4574,4692
5181,4575,4575,4693
5182,4576,4576,4694
5183,4577,4577,4695
5184,4578,4578,4696
5185,4579,4579,4697
5186,4580,4580,4698
5187,4581,4581,4699
5188,4582,4582,4700
5189,4583,4583,4701
5190,4584,4584,4702
5191,4585,4585,4703
5192,4586,4586,4378
5193,4587,4587,4379
5194,4588,4588,4380
5195,4589,4589,4381
5196,4208,4208,4382
5197,4209,4209,4383
5198,4210,4210,4384
5199,4211,4211,4385
5200,4212,4212,4386
5201,4213,4213,4387
5202,4214,4214,4388
5203,4215,4215,4389
5204,4216,4216,4390
5205,4217,4217,4391
5206,4218,4218,4392
5207,4219,4219,4393
5208,4220,4220,4394
5209,4221,4221,4395
5210,4222,4222,4396
5211,4223,4223,4397
5212,4224,4224,4398
5213,4225,4225,4399
5214,4226,4226,4400
5215,4227,4227,4401
5216,4228,4228,4402
5217,4229,4229,4403
5218,4230,4230,4404
5219,4231,4231,4405
5220,4232,4232,4406
5221,4233,4233,4407
5222,4234,4234,4408
5223,4235,4235,4409
5224,4236,4236,4410
5225,4237,4237,4411
5226,4238,4238,4412
5227,4239,4239,4413
5228,4240,4240,4414
5229,4241,4241,4415
5230,4242,4242,4416
5231,4243,4243,4417
5232,4244,4244,4418
5233,4245,4245,4419
5234,4246,4246,4420
5235,4247,4247,4421
5236,4248,4248,4422
5237,4249,4249,4423
5238,4250,4250,4424
5239,4251,4251,4425
5240,4252,4252,4426
5241,4253,4253,4427
5242,4254,4254,4428
5243,4255,4255,4429
5244,4256,4256,4430
5245,4257,4257,4431
5246,4258,4258,4432
5247,4259,4259,4433
5248,4260,4260,4434
5249,4261,4261,4435
5250,4262,4262,4704
5251,4263,4263,4705
5252,4590,5553,4706
5253,4591,5554,4707
5254,4592,5555,4708
5255,4593,5556,4709
5256,4594,5557,4710
5257,4595,5558,4711
5258,4596,5559,4712
5259,4597,5560,4713
5260,4598,5561,4714
5261,4599,5562,4715
5262,4600,5563,4716
5263,4601,5564,4717
5264,4602,5565,4718
5265,4603,5566,4719
5266,4604,5567,4720
5267,4605,5568,4721
5268,4606,5569,4722
5269,4607,5570,4723
5270,4608,5571,4724
5271,4609,5572,4725
5272,4610,5573,4726
5273,4611,5574,4727
5274,4612,5575,4728
5275,4613,5576,4729
5276,4614,5577,4730
5277,4615,5578,4731
5278,4616,5579,4732
5279,4617,5580,4733
5280,4618,5581,4734
5281,4619,5582,4735
5282,4620,5583,4736
5283,4621,5584,4737
5284,4622,5585,4738
5285,4623,5586,4739
5286,4624,5587,4740
5287,4625,5588,4741
5288,4626,5589,4742
5289,4627,5590,4743
5290,4628,5591,4744
5291,4629,5592,4745
5292,4630,5593,4746
5293,4631,5594,4747
5294,4632,5595,4748
5295,4633,5596,4749
5296,4634,5597,4750
5297,4635,5598,4751
5298,4636,5599,4752
5299,4637,5600,4753
5300,4638,5601,4754
5301,4639,5602,4755
5302,4640,5603,4756
5303,4641,5604,4757
5304,4642,5605,4758
5305,4643,5606,4759
5306,4644,5607,4760
5307,4645,5608,4761
5308,4646,5609,3365
5309,4647,5610,3366
5310,4648,5611,3367
5311,4649,5612,3368
5312,4650,5613,3369
5313,4651,5614,3370
5314,4652,5615,3371
5315,4653,5616,3372
5316,4654,5617,3373
5317,4655,5618,3374
5318,4656,5619,3375
5319,4657,5620,3376
5320,4658,5621,3377
5321,4659,5622,3378
5322,4660,5623,3379
5323,4661,5624,3380
5324,4662,5625,3381
5325,4663,5626,3382
5326,4664,5627,3383
5327,4665,5628,3384
5328,4666,5629,3385
5329,4667,5630,3386
5330,4668,5631,3387
5331,4669,5632,3388
5332,4670,5633,3389
5333,4671,5634,3390
5334,4672,5635,3391
5335,4673,5636,3393
5336,4674,5637,3394
5337,4675,5638,3395
5338,4676,5639,3396
5339,4677,5640,3397
5340,4678,5641,3398
5341,4679,5642,3399
5342,4680,5643,3401
5343,4681,5644,3402
5344,4682,5645,3403
5345,4683,5646,3404
5346,4684,5647,3405
5347,4685,5648,3406
5348,4686,5649,3407
5349,4687,5650,3408
5350,4688,5651,3409
5351,4689,5652,3410
5352,4690,5653,3411
5353,4691,5654,3412
5354,4692,4590,3413
5355,4693,4591,3414
5356,4694,4592,3415
5357,4695,4593,3416
5358,4696,4594,3417
5359,4697,4595,3418
5360,4698,4596,3419
5361,4699,4597,3420
5362,4700,4598,3421
5363,4701,4599,3422
5364,4702,4600,3423
5365,4703,4601,3424
5366,4264,4602,3425
5367,4265,4603,3426
5368,4266,4604,3427
5369,4267,4605,3428
5370,4268,4606,3429
5371,4269,4607,3430
5372,4270,4608,3431
5373,4271,4609,3432
5374,4272,4610,3433
5375,4273,4611,3434
5376,4274,4612,3435
5377,4275,4613,3436
5378,4276,4614,3437
5379,4277,4615,3438
5380,4278,4616,3439
5381,4279,4617,3440
5382,4280,4618,3441
5383,4281,4619,3442
5384,4282,4620,3443
5385,4283,4621,3444
5386,4284,4622,3445
5387,4285,4623,3446
5388,4286,4624,3447
5389,4287,4625,3448
5390,4288,4626,3449
5391,4289,4627,3450
5392,4290,4628,3451
5393,4291,4629,3452
5394,4292,4630,3453
5395,4293,4631,3454
5396,4294,4632,3455
5397,4295,4633,3456
5398,4296,4634,3457
5399,4297,4635,3458
5400,4298,4636,3459
5401,4299,4637,3460
5402,4300,4638,3461
5403,4301,4639,3462
5404,4302,4640,3463
5405,4303,4641,3464
5406,4304,4642,3465
5407,4305,4643,3466
5408,4306,4644,3467
5409,4307,4645,3468
5410,4308,4646,3469
5411,4309,4647,3470
5412,4310,4648,5553
5413,4311,4649,5554
5414,4312,4650,5555
5415,4313,4651,5556
5416,4314,4652,5557
5417,4315,4653,5558
5418,4316,4654,5559
5419,4317,4655,5560
5420,4318,4656,5561
5421,4319,4657,5562
5422,4320,4658,5563
5423,4321,4659,5564
5424,4322,4660,5565
5425,4323,4661,5566
5426,4324,4662,5567
5427,4325,4663,5568
5428,4326,4664,5569
5429,4327,4665,5570
5430,4328,4666,5571
5431,4329,4667,5572
5432,4330,4668,5573
5433,4331,4669,5574
5434,4332,4670,5575
5435,4333,4671,5576
5436,4334,4672,5577
5437,4335,4673,5578
5438,4336,4674,5579
5439,4337,4675,5580
5440,4338,4676,5581
5441,4339,4677,5582
5442,4340,4678,5583
5443,4341,4679,5584
5444,4342,4680,5585
5445,4343,4681,5586
5446,4344,4682,5587
5447,4345,4683,5588
5448,4346,4684,5589
5449,4347,4685,5590
5450,4348,4686,5591
5451,4349,4687,5592
5452,4350,4688,5593
5453,4351,4689,5594
5454,4352,4690,5595
5455,4353,4691,5596
5456,4354,4692,5597
5457,4355,4693,5598
5458,4356,4694,5599
5459,4357,4695,5600
5460,4358,4696,5601
5461,4359,4697,5602
5462,4360,4698,5603
5463,4361,4699,5604
5464,4362,4700,5605
5465,4363,4701,5606
5466,4364,4702,5607
5467,4365,4703,5608
5468,4366,4264,5609
5469,4367,4265,5610
5470,4368,4266,5611
5471,4369,4267,5612
5472,4370,4268,5613
5473,4371,4269,5614
5474,4372,4270,5615
5475,4373,4271,5616
5476,4374,4272,5617
5477,4375,4273,5618
5478,4376,4274,5619
5479,4377,4275,5620
5480,4704,4276,5621
5481,4705,4277,5622
5482,4706,4278,5623
5483,4707,4279,5624
5484,4708,4280,5625
5485,4709,4281,5626
5486,4710,4282,5627
5487,4711,4283,5628
5488,4712,4284,5629
5489,4713,4285,5630
5490,4714,4286,5631
5491,4715,4287,5632
5492,4716,4288,5633
5493,4717,4289,5634
5494,4718,4290,5635
5495,4719,4291,5636
5496,4720,4292,5637
5497,4721,4293,5638
5498,4722,4294,5639
5499,4723,4295,5640
5500,4724,4296,5641
5501,4725,4297,5642
5502,4726,4298,5643
5503,4727,4299,5644
5504,4728,4300,5645
5505,4729,4301,5646
5506,4730,4302,5647
5507,4731,4303,5648
5508,4732,4304,5649
5509,4733,4305,5650
5510,4734,4306,5651
5511,4735,4307,5652
5512,4736,4308,5653
5513,4737,4309,5654
5514,4738,4310,5655
5515,4739,4311,5656
5516,4740,4312,5657
5517,4741,4313,5658
5518,4742,4314,5659
5519,4743,4315,5660
5520,4744,4316,5661
5521,4745,4317,5662
5522,4746,4318,5663
5523,4747,4319,5664
5524,4748,4320,5665
5525,4749,4321,5666
5526,4750,4322,5667
5527,4751,4323,5668
5528,4752,4324,5669
5529,4753,4325,5670
5530,4754,4326,5671
5531,4755,4327,5672
5532,4756,4328,5673
5533,4757,4329,5674
5534,4758,4330,5675
5535,4759,4331,5676
5536,4760,4332,5677
5537,4761,4333,5678
5538,4378,4334,5679
5539,4379,4335,5680
5540,4380,4336,5681
5541,4381,4337,5682
5542,4382,4338,5683
5543,4383,4339,5684
5544,4384,4340,5685
5545,4385,4341,5686
5546,4386,4342,5687
5547,4387,4343,5688
5548,4388,4344,5689
5549,4389,4345,5690
5550,4390,4346,5691
5551,4391,4347,5692
5552,4392,4348,5693
5553,4393,4349,5694
5554,4394,4350,5695
5555,4395,4351,5696
5556,4396,4352,5697
5557,4397,4353,5698
5558,4398,4354,5699
5559,4399,4355,5700
5560,4400,4356,5701
5561,4401,4357,5702
5562,4402,4358,5703
5563,4403,4359,5704
5564,4404,4360,5705
5565,4405,4361,5706
5566,4406,4362,5707
5567,4407,4363,5708
5568,4408,4364,5709
5569,4409,4365,5710
5570,4410,4366,5711
5571,4411,4367,5712
5572,4412,4368,5713
5573,4413,4369,5714
5574,4414,4370,5715
5575,4415,4371,5716
5576,4416,4372,5717
5577,4417,4373,5718
5578,4418,4374,5719
5579,4419,4375,5720
5580,4420,4376,5721
5581,4421,4377,5722
5582,4422,4704,5723
5583,4423,4705,5724
5584,4424,4706,5725
5585,4425,4707,5726
5586,4426,4708,5727
5587,4427,4709,5728
5588,4428,4710,5729
5589,4429,4711,5730
5590,4430,4712,5731
5591,4431,4713,5732
5592,4432,4714,5733
5593,4433,4715,5734
5594,4434,4716,5735
5595,4435,4717,5736
5596,5553,4718,5737
5597,5554,4719,5738
5598,5555,4720,5739
5599,5556,4721,5740
5600,5557,4722,5741
5601,5558,4723,5742
5602,5559,4724,5743
5603,5560,4725,5744
5604,5561,4726,5745
5605,5562,4727,5746
5606,5563,4728,5747
5607,5564,4729,5748
5608,5565,4730,5749
5609,5566,4731,5750
5610,5567,4732,5751
5611,5568,4733,5752
5612,5569,4734,5753
5613,5570,4735,5754
5614,5571,4736,5755
5615,5572,4737,5756
5616,5573,4738,5757
5617,5574,4739,5758
5618,5575,4740,5759
5619,5576,4741,5760
5620,5577,4742,5761
5621,5578,4743,5762
5622,5579,4744,5763
5623,5580,4745,5764
5624,5581,4746,5765
5625,5582,4747,5766
5626,5583,4748,5767
5627,5584,4749,5768
5628,5585,4750,5769
5629,5586,4751,5770
5630,5587,4752,5771
5631,5588,4753,5772
5632,5589,4754,5773
5633,5590,4755,5774
5634,5591,4756,5775
5635,5592,4757,5776
5636,5593,4758,5777
5637,5594,4759,5778
5638,5595,4760,5779
5639,5596,4761,5780
5640,5597,4378,5781
5641,5598,4379,5782
5642,5599,4380,5783
5643,5600,4381,5784
5644,5601,4382,2799
5645,5602,4383,2800
5646,5603,4384,2801
5647,5604,4385,2802
5648,5605,4386,2803
5649,5606,4387,2804
5650,5607,4388,2805
5651,5608,4389,2806
5652,5609,4390,2807
5653,5610,4391,2808
5654,5611,4392,2809
5655,5612,4393,2810
5656,5613,4394,2811
5657,5614,4395,2812
5658,5615,4396,2813
5659,5616,4397,2814
5660,5617,4398,2815
5661,5618,4399,2816
5662,5619,4400,2817
5663,5620,4401,2818
5664,5621,4402,2819
5665,5622,4403,2820
5666,5623,4404,2821
5667,5624,4405,2822
5668,5625,4406,2823
5669,5626,4407,2824
5670,5627,4408,2825
5671,5628,4409,2826
5672,5629,4410,2827
5673,5630,4411,2828
5674,5631,4412,2829
5675,5632,4413,2830
5676,5633,4414,2831
5677,5634,4415,2832
5678,5635,4416,2833
5679,5636,4417,2834
5680,5637,4418,2835
5681,5638,4419,2836
5682,5639,4420,2837
5683,5640,4421,2838
5684,5641,4422,2839
5685,5642,4423,2840
5686,5643,4424,2841
5687,5644,4425,2842
5688,5645,4426,2843
5689,5646,4427,2844
5690,5647,4428,2845
5691,5648,4429,2846
5692,5649,4430,2847
5693,5650,4431,2848
5694,5651,4432,2849
5695,5652,4433,2850
5696,5653,4434,2851
5697,5654,4435,2852
5698,5655,5655,2853
5699,5656,5656,2854
5700,5657,5657,2855
5701,5658,5658,2856
5702,5659,5659,2857
5703,5660,5660,2858
5704,5661,5661,2859
5705,5662,5662,2860
5706,5663,5663,2861
5707,5664,5664,2862
5708,5665,5665,2863
5709,5666,5666,2864
5710,5667,5667,2865
5711,5668,5668,2866
5712,5669,5669,2867
5713,5670,5670,2868
5714,5671,5671,2869
5715,5672,5672,2870
5716,5673,5673,2871
5717,5674,5674,2872
5718,5675,5675,2873
5719,5676,5676,2874
5720,5677,5677,2875
5721,5678,5678,2876
5722,5679,5679,2877
5723,5680,5680,2878
5724,5681,5681,2879
5725,5682,5682,2880
5726,5683,5683,2881
5727,5684,5684,2882
5728,5685,5685,2883
5729,5686,5686,2884
5730,5687,5687,2885
5731,5688,5688,2886
5732,5689,5689,2887
5733,5690,5690,2888
5734,5691,5691,2889
5735,5692,5692,2890
5736,5693,5693,2891
5737,5694,5694,2892
5738,5695,5695,2893
5739,5696,5696,2894
5740,5697,5697,2895
5741,5698,5698,2896
5742,5699,5699,2897
5743,5700,5700,2898
5744,5701,5701,2899
5745,5702,5702,2900
5746,5703,5703,2901
5747,5704,5704,2902
5748,5705,5705,2903
5749,5706,5706,2904
5750,5707,5707,2905
5751,5708,5708,2906
5752,5709,5709,2907
5753,5710,5710,2908
5754,5711,5711,2909
5755,5712,5712,2910
5756,5713,5713,2911
5757,5714,5714,2912
5758,5715,5715,2913
5759,5716,5716,2914
5760,5717,5717,2915
5761,5718,5718,2916
5762,5719,5719,2917
5763,5720,5720,2918
5764,5721,5721,2919
5765,5722,5722,2920
5766,5723,5723,2921
5767,5724,5724,2922
5768,5725,5725,2923
5769,5726,5726,2924
5770,5727,5727,2925
5771,5728,5728,2926
5772,5729,5729,2927
5773,5730,5730,2928
5774,5731,5731,2929
5775,5732,5732,2930
5776,5733,5733,2931
5777,5734,5734,2932
5778,5735,5735,2933
5779,5736,5736,2934
5780,5737,5737,2935
5781,5738,5738,2936
5782,5739,5739,2937
5783,5740,5740,2938
5784,5741,5741,2939
5785,5742,5742,2940
5786,5743,5743,2941
5787,5744,5744,2942
5788,5745,5745,2943
5789,5746,5746,2944
5790,5747,5747,2945
5791,5748,5748,2946
5792,5749,5749,2947
5793,5750,5750,2948
5794,5751,5751,2949
5795,5752,5752,2950
5796,5753,5753,2951
5797,5754,5754,2952
5798,5755,5755,2953
5799,5756,5756,2954
5800,5757,5757,2955
5801,5758,5758,2956
5802,5759,5759,2957
5803,5760,5760,2958
5804,5761,5761,2959
5805,5762,5762,2960
5806,5763,5763,2961
5807,5764,5764,2962
5808,5765,5765,2963
5809,5766,5766,2964
5810,5767,5767,2965
5811,5768,5768,2966
5812,5769,5769,2967
5813,5770,5770,2968
5814,5771,5771,2969
5815,5772,5772,2970
5816,5773,5773,2971
5817,5774,5774,2972
5818,5775,5775,2973
5819,5776,5776,2974
5820,5777,5777,2975
5821,5778,5778,2976
5822,5779,5779,2977
5823,5780,5780,2978
5824,5781,5781,2979
5825,5782,5782,2980
5826,5783,5783,2981
5827,5784,5784,2982
5828,1896,1896,1896
5829,1897,1897,1897
5830,1898,1898,1898
5831,1899,1899,1899
5832,1900,1900,1900
5833,1901,1901,1901
5834,1902,1902,1902
5835,1903,1903,1903
5836,1904,1904,1904
5837,1905,1905,1905
5838,1906,1906,1906
5839,1907,1907,1907
5840,1908,1908,1908
5841,1909,1909,1909
5842,1910,1910,1910
5843,1911,1911,1911
5844,1912,1912,1912
5845,1913,1913,1913
5846,1914,1914,1914
5847,1915,1915,1915
5848,1916,1916,1916
5849,1917,1917,1917
5850,1918,1918,1918
5851,1919,1919,1919
5852,1920,1920,1920
5853,1921,1921,1921
5854,1922,1922,1922
5855,1923,1923,1923
5856,1924,1924,1924
5857,1925,1925,1925
5858,1926,1926,1926
5859,1927,1927,1927
5860,1928,1928,1928
5861,1929,1929,1929
5862,1930,1930,1930
5863,1931,1931,1931
5864,1932,1932,1932
5865,1933,1933,1933
5866,1934,1934,1934
5867,1935,1935,1935
5868,1936,1936,1936
5869,1937,1937,1937
5870,1938,1938,1938
5871,1939,1939,1939
5872,1940,1940,1940
5873,1941,1941,1941
5874,1942,1942,1942
5875,1943,1943,1943
5876,1944,1944,1944
5877,1945,1945,1945
5878,1946,1946,1946
5879,1947,1947,1947
5880,1948,1948,1948
5881,1949,1949,1949
5882,1950,1950,1950
5883,1951,1951,1951
5884,1952,1952,1952
5885,1953,1953,1953
5886,1954,1954,1954
5887,1955,1955,1955
5888,1956,1956,1956
5889,1957,1957,1957
5890,1958,1958,1958
5891,1959,1959,1959
5892,1960,1960,1960
5893,1961,1961,1961
5894,1962,1962,1962
5895,1963,1963,1963
5896,1964,1964,1964
5897,1965,1965,1965
5898,1966,1966,1966
5899,1967,1967,1967
5900,1968,1968,1968
5901,1969,1969,1969
5902,1970,1970,1970
5903,1971,1971,1971
5904,1972,1972,1972
5905,1973,1973,1973
5906,1974,1974,1974
5907,1975,1975,1975
5908,1976,1976,1976
5909,1977,1977,1977
5910,1978,1978,1978
5911,1979,1979,1979
5912,1980,1980,1980
5913,1981,1981,1981
5914,1982,1982,1982
5915,1983,1983,1983
5916,1984,1984,1984
5917,1985,1985,1985
5918,1986,1986,1986
5919,1987,1987,1987
5920,1988,1988,1988
5921,1989,1989,1989
5922,1990,1990,1990
5923,1991,1991,1991
5924,1992,1992,1992
5925,1993,1993,1993
5926,1994,1994,1994
5927,1996,1996,1996
5928,1997,1997,1997
5929,1998,1998,1998
5930,1999,1999,1999
5931,2000,2000,2000
5932,2001,2001,2001
5933,2002,2002,2002
5934,2003,2003,2003
5935,2004,2004,2004
5936,2005,2005,2005
5937,2006,2006,2006
5938,2007,2007,2007
5939,2008,2008,2008
5940,2009,2009,2009
5941,2010,2010,2010
5942,2011,2011,2011
5943,2012,2012,2012
5944,2013,2013,2013
5945,2014,2014,2014
5946,2015,2015,2015
5947,2016,2016,2016
5948,2017,2017,2017
5949,2018,2018,2018
5950,2019,2019,2019
5951,2020,2020,2020
5952,2021,2021,2021
5953,2022,2022,2022
5954,2023,2023,2023
5955,2024,2024,2024
5956,2025,2025,2025
5957,2026,2026,2026
5958,2027,2027,2027
5959,2028,2028,2028
5960,2029,2029,2029
5961,2030,2030,2030
5962,2031,2031,2031
5963,2032,2032,2032
5964,2033,2033,2033
5965,2034,2034,2034
5966,2035,2035,2035
5967,2036,2036,2036
5968,2037,2037,2037
5969,2038,2038,2038
5970,2039,2039,2039
5971,2040,2040,2040
5972,2041,2041,2041
5973,2042,2042,2042
5974,2043,2043,2043
5975,2044,2044,2044
5976,2045,2045,2045
5977,2046,2046,2046
5978,2047,2047,2047
5979,2048,2048,2048
5980,2049,2049,2049
5981,2050,2050,2050
5982,2051,2051,2051
5983,2052,2052,2052
5984,2053,2053,2053
5985,2054,2054,2054
5986,2055,2055,2055
5987,2056,2056,2056
5988,2057,2057,2057
5989,2058,2058,2058
5990,2059,2059,2059
5991,2060,2060,2060
5992,2061,2061,2061
5993,2062,2062,2062
5994,2063,2063,2063
5995,2064,2064,2064
5996,2065,2065,2065
5997,2066,2066,2066
5998,2067,2067,2067
5999,2068,2068,2068
6000,2069,2069,2069
6001,2070,2070,2070
6002,2071,2071,2071
6003,2072,2072,2072
6004,2073,2073,2073
6005,2074,2074,2074
6006,2075,2075,2075
6007,2076,2076,2076
6008,2077,2077,2077
6009,2078,2078,2078
6010,2079,2079,2079
6011,1,1,1
6012,51,51,51
